address|type|disassembly|bytes
32768|data|DCD 0x464C457F; File format: \x7FELF|127-69-76-70
32772|data|DCB 1; File class: 32-bit|1
32773|data|DCB 1; Data encoding: little-endian|1
32774|data|DCB 1; File version|1
32775|data|DCB 0; OS/ABI: UNIX System V ABI|0
32776|data|DCB 0; ABI Version|0
32777|data|DCB 0, 0, 0, 0, 0, 0, 0; Padding|0-0-0-0-0-0-0
32784|data|DCW 2; File type: Executable|2-0
32786|data|DCW 0x28; Machine: ARM|40-0
32788|data|DCD 1; File version|1-0-0-0
32792|data|DCD start+1; Entry point|205-136-0-0
32796|data|DCD 0x34; PHT file offset|52-0-0-0
32800|data|DCD 0x11A8; SHT file offset|168-17-0-0
32804|data|DCD 0x5000402; Processor-specific flags|2-4-0-5
32808|data|DCW 0x34; ELF header size|52-0
32810|data|DCW 0x20; PHT entry size|32-0
32812|data|DCW 9; Number of entries in PHT|9-0
32814|data|DCW 0x28; SHT entry size|40-0
32816|data|DCW 0x1C; Number of entries in SHT|28-0
32818|data|DCW 0x1B; SHT entry index for string table|27-0
32820|data|DCD 0x70000001; Type: EXIDX|1-0-0-112
32824|data|DCD 0xC60; File offset|96-12-0-0
32828|data|DCD unk_8C60; Virtual address|96-140-0-0
32832|data|DCD 0x8C60; Physical address|96-140-0-0
32836|data|DCD 8; Size in file image|8-0-0-0
32840|data|DCD 8; Size in memory image|8-0-0-0
32844|data|DCD 4; Flags|4-0-0-0
32848|data|DCD 4; Alignment|4-0-0-0
32852|data|DCD 6; Type: PHDR|6-0-0-0
32856|data|DCD 0x34; File offset|52-0-0-0
32860|data|DCD dword_8034; Virtual address|52-128-0-0
32864|data|DCD 0x8034; Physical address|52-128-0-0
32868|data|DCD 0x120; Size in file image|32-1-0-0
32872|data|DCD 0x120; Size in memory image|32-1-0-0
32876|data|DCD 5; Flags|5-0-0-0
32880|data|DCD 4; Alignment|4-0-0-0
32884|data|DCD 3; Type: INTERP|3-0-0-0
32888|data|DCD 0x154; File offset|84-1-0-0
32892|data|DCD aLibLdLinuxArmh; Virtual address|84-129-0-0
32896|data|DCD 0x8154; Physical address|84-129-0-0
32900|data|DCD 0x19; Size in file image|25-0-0-0
32904|data|DCD 0x19; Size in memory image|25-0-0-0
32908|data|DCD 4; Flags|4-0-0-0
32912|data|DCD 1; Alignment|1-0-0-0
32916|data|DCD 1; Type: LOAD|1-0-0-0
32920|data|DCD 0; File offset|0-0-0-0
32924|data|DCD dword_8000; Virtual address|0-128-0-0
32928|data|DCD 0x8000; Physical address|0-128-0-0
32932|data|DCD 0xC6C; Size in file image|108-12-0-0
32936|data|DCD 0xC6C; Size in memory image|108-12-0-0
32940|data|DCD 5; Flags|5-0-0-0
32944|data|DCD 0x8000; Alignment|0-128-0-0
32948|data|DCD 1; Type: LOAD|1-0-0-0
32952|data|DCD 0xEEC; File offset|236-14-0-0
32956|data|DCD off_10EEC; Virtual address|236-14-1-0
32960|data|DCD 0x10EEC; Physical address|236-14-1-0
32964|data|DCD 0x170; Size in file image|112-1-0-0
32968|data|DCD 0x17C; Size in memory image|124-1-0-0
32972|data|DCD 6; Flags|6-0-0-0
32976|data|DCD 0x8000; Alignment|0-128-0-0
32980|data|DCD 2; Type: DYNAMIC|2-0-0-0
32984|data|DCD 0xEF8; File offset|248-14-0-0
32988|data|DCD stru_10EF8; Virtual address|248-14-1-0
32992|data|DCD 0x10EF8; Physical address|248-14-1-0
32996|data|DCD 0x108; Size in file image|8-1-0-0
33000|data|DCD 0x108; Size in memory image|8-1-0-0
33004|data|DCD 6; Flags|6-0-0-0
33008|data|DCD 4; Alignment|4-0-0-0
33012|data|DCD 4; Type: NOTE|4-0-0-0
33016|data|DCD 0x170; File offset|112-1-0-0
33020|data|DCD dword_8170; Virtual address|112-129-0-0
33024|data|DCD 0x8170; Physical address|112-129-0-0
33028|data|DCD 0x44; Size in file image|68-0-0-0
33032|data|DCD 0x44; Size in memory image|68-0-0-0
33036|data|DCD 4; Flags|4-0-0-0
33040|data|DCD 4; Alignment|4-0-0-0
33044|data|DCD 0x6474E551; Type: STACK|81-229-116-100
33048|data|DCD 0; File offset|0-0-0-0
33052|data|DCD 0; Virtual address|0-0-0-0
33056|data|DCD 0; Physical address|0-0-0-0
33060|data|DCD 0; Size in file image|0-0-0-0
33064|data|DCD 0; Size in memory image|0-0-0-0
33068|data|DCD 6; Flags|6-0-0-0
33072|data|DCD 0x10; Alignment|16-0-0-0
33076|data|DCD 0x6474E552; Type: RO-AFTER|82-229-116-100
33080|data|DCD 0xEEC; File offset|236-14-0-0
33084|data|DCD off_10EEC; Virtual address|236-14-1-0
33088|data|DCD 0x10EEC; Physical address|236-14-1-0
33092|data|DCD 0x114; Size in file image|20-1-0-0
33096|data|DCD 0x114; Size in memory image|20-1-0-0
33100|data|DCD 4; Flags|4-0-0-0
33104|data|DCD 1; Alignment|1-0-0-0
33108|data|DCB "/lib/ld-linux-armhf.so.3",0|47-108-105-98-47-108-100-45-108-105-110-117-120-45-97-114-109-104-102-46-115-111-46-51-0
33133|data|DCB 0, 0, 0|0-0-0
33136|data|DCD 4; Name Size|4-0-0-0
33140|data|DCD 0x10; Desc Size|16-0-0-0
33144|data|DCD 1; Type: NT_GNU_ABI_TAG|1-0-0-0
33148|data|DCB "GNU",0; Name|71-78-85-0
33152|data|DCD 0, 2, 6, 0x20; ABI: Linux 2.6.32|0-0-0-0-2-0-0-0-6-0-0-0-32-0-0-0
33168|data|DCD 4; Name Size|4-0-0-0
33172|data|DCD 0x14; Desc Size|20-0-0-0
33176|data|DCD 3; Type: NT_GNU_BUILD_ID|3-0-0-0
33180|data|DCB "GNU",0; Name|71-78-85-0
33184|data|DCB 0xEB, 0xFA, 0xA6, 0xC1, 0x2F, 0xFA, 0xB1, 0xF3, 0xEA; Desc|235-250-166-193-47-250-177-243-234-46-70-183-221-162-139-234-89-82-68-91
33204|data|DCD 0x11|17-0-0-0
33208|data|DCD 5|5-0-0-0
33212|data|DCD 4|4-0-0-0
33216|data|DCD 7|7-0-0-0
33220|data|DCD 0x420A52, 0x90004411, 0xC190602, 0xB6805020|82-10-66-0-17-68-0-144-2-6-25-12-32-80-128-182
33236|data|DCD 0, 5, 7, 8, 0xA, 0, 0xB, 0xE, 0, 0, 0, 0, 0xF, 0x10|0-0-0-0-5-0-0-0-7-0-0-0-8-0-0-0-10-0-0-0-0-0-0-0-11-0-0-0-14-0-0-0-0-0-0-0-0-0-0-0-0-0-0-0-0-0-0-0-15-0-0-0-16-0-0-0-18-0-0-0-20-0-0-0-21-0-0-0
33304|data|DCD 0x7C9BD776, 0xFD079E2B, 0xFEFD2FD, 0x10A8B550, 0xF11ED7D|118-215-155-124-43-158-7-253-253-210-239-15-80-181-168-16-125-237-17-15-63-126-150-124-236-146-115-240-46-78-61-246-11-226-235-180-1-35-249-164-17-123-156-124-200-57-64-31-91-154-59-15-254-236-132-20-151-148-7-253-65-77-157-124-33-98-100-7
33372|data|Elf32_Sym <0>|0-0-0-0-0-0-0-0-0-0-0-0-0-0-0-0
33388|data|Elf32_Sym <aItmDeregistert - byte_83BC, 0, 0, 0x20, 0, 0>; "_ITM_deregisterTMCloneTable"|12-0-0-0-0-0-0-0-0-0-0-0-32-0-0-0
33404|data|Elf32_Sym <aGmonStart - byte_83BC, 0, 0, 0x20, 0, 0>; "__gmon_start__"|40-0-0-0-0-0-0-0-0-0-0-0-32-0-0-0
33420|data|Elf32_Sym <aJvRegisterclas - byte_83BC, 0, 0, 0x20, 0, 0>; "_Jv_RegisterClasses"|55-0-0-0-0-0-0-0-0-0-0-0-32-0-0-0
33436|data|Elf32_Sym <aItmRegistertmc - byte_83BC, 0, 0, 0x20, 0, 0>; "_ITM_registerTMCloneTable"|75-0-0-0-0-0-0-0-0-0-0-0-32-0-0-0
33452|data|Elf32_Sym <aOpen - byte_83BC, 0, 0, 0x12, 0, 0>; "open"|123-0-0-0-0-0-0-0-0-0-0-0-18-0-0-0
33468|data|Elf32_Sym <aFchown - byte_83BC, 0, 0, 0x12, 0, 0>; "fchown"|243-0-0-0-0-0-0-0-0-0-0-0-18-0-0-0
33484|data|Elf32_Sym <aMkdir - byte_83BC, 0, 0, 0x12, 0, 0>; "mkdir"|231-0-0-0-0-0-0-0-0-0-0-0-18-0-0-0
33500|data|Elf32_Sym <aWrite - byte_83BC, 0, 0, 0x12, 0, 0>; "write"|150-0-0-0-0-0-0-0-0-0-0-0-18-0-0-0
33516|data|Elf32_Sym <aAbort - byte_83BC, 0, 0, 0x12, 0, 0>; "abort"|237-0-0-0-0-0-0-0-0-0-0-0-18-0-0-0
33532|data|Elf32_Sym <aExit - byte_83BC, 0, 0, 0x12, 0, 0>; "exit"|197-0-0-0-0-0-0-0-0-0-0-0-18-0-0-0
33548|data|Elf32_Sym <aGeteuid - byte_83BC, 0, 0, 0x12, 0, 0>; "geteuid"|250-0-0-0-0-0-0-0-0-0-0-0-18-0-0-0
33564|data|Elf32_Sym <aLibcStartMain - byte_83BC, 0, 0, 0x12, 0, 0>; "__libc_start_main"|2-1-0-0-0-0-0-0-0-0-0-0-18-0-0-0
33580|data|Elf32_Sym <aPrintfChk - byte_83BC, 0, 0, 0x12, 0, 0>; "__printf_chk"|184-0-0-0-0-0-0-0-0-0-0-0-18-0-0-0
33596|data|Elf32_Sym <aErrnoLocation - byte_83BC, 0, 0, 0x12, 0, 0>; "__errno_location"|128-0-0-0-0-0-0-0-0-0-0-0-18-0-0-0
33612|data|Elf32_Sym <aPuts - byte_83BC, 0, 0, 0x12, 0, 0>; "puts"|209-0-0-0-0-0-0-0-0-0-0-0-18-0-0-0
33628|data|Elf32_Sym <aStackChkFail - byte_83BC, 0, 0, 0x12, 0, 0>; "__stack_chk_fail"|214-0-0-0-0-0-0-0-0-0-0-0-18-0-0-0
33644|data|Elf32_Sym <aClose - byte_83BC, 0, 0, 0x12, 0, 0>; "close"|117-0-0-0-0-0-0-0-0-0-0-0-18-0-0-0
33660|data|Elf32_Sym <aPerror - byte_83BC, 0, 0, 0x12, 0, 0>; "perror"|202-0-0-0-0-0-0-0-0-0-0-0-18-0-0-0
33676|data|Elf32_Sym <aFchmod - byte_83BC, 0, 0, 0x12, 0, 0>; "fchmod"|177-0-0-0-0-0-0-0-0-0-0-0-18-0-0-0
33692|data|Elf32_Sym <aRead - byte_83BC, 0, 0, 0x12, 0, 0>; "read"|145-0-0-0-0-0-0-0-0-0-0-0-18-0-0-0
33708|data|Elf32_Sym <aStackChkGuard - byte_83BC, __stack_chk_guard, 4, 0x11, 0, \; "__stack_chk_guard"|40-1-0-0-96-16-1-0-4-0-0-0-17-0-24-0
33724|data|DCB 0|0
33725|data|DCB "librt.so.1",0|108-105-98-114-116-46-115-111-46-49-0
33736|data|DCB "_ITM_deregisterTMCloneTable",0|95-73-84-77-95-100-101-114-101-103-105-115-116-101-114-84-77-67-108-111-110-101-84-97-98-108-101-0
33764|data|DCB "__gmon_start__",0|95-95-103-109-111-110-95-115-116-97-114-116-95-95-0
33779|data|DCB "_Jv_RegisterClasses",0|95-74-118-95-82-101-103-105-115-116-101-114-67-108-97-115-115-101-115-0
33799|data|DCB "_ITM_registerTMCloneTable",0|95-73-84-77-95-114-101-103-105-115-116-101-114-84-77-67-108-111-110-101-84-97-98-108-101-0
33825|data|DCB "libpthread.so.0",0|108-105-98-112-116-104-114-101-97-100-46-115-111-46-48-0
33841|data|DCB "close",0|99-108-111-115-101-0
33847|data|DCB "open",0|111-112-101-110-0
33852|data|DCB "__errno_location",0|95-95-101-114-114-110-111-95-108-111-99-97-116-105-111-110-0
33869|data|DCB "read",0|114-101-97-100-0
33874|data|DCB "write",0|119-114-105-116-101-0
33880|data|DCB "libdl.so.2",0|108-105-98-100-108-46-115-111-46-50-0
33891|data|DCB "libc.so.6",0|108-105-98-99-46-115-111-46-54-0
33901|data|DCB "fchmod",0|102-99-104-109-111-100-0
33908|data|DCB "__printf_chk",0|95-95-112-114-105-110-116-102-95-99-104-107-0
33921|data|DCB "exit",0|101-120-105-116-0
33926|data|DCB "perror",0|112-101-114-114-111-114-0
33933|data|DCB "puts",0|112-117-116-115-0
33938|data|DCB "__stack_chk_fail",0|95-95-115-116-97-99-107-95-99-104-107-95-102-97-105-108-0
33955|data|DCB "mkdir",0|109-107-100-105-114-0
33961|data|DCB "abort",0|97-98-111-114-116-0
33967|data|DCB "fchown",0|102-99-104-111-119-110-0
33974|data|DCB "geteuid",0|103-101-116-101-117-105-100-0
33982|data|DCB "__libc_start_main",0|95-95-108-105-98-99-95-115-116-97-114-116-95-109-97-105-110-0
34000|data|DCB "ld-linux-armhf.so.3",0|108-100-45-108-105-110-117-120-45-97-114-109-104-102-46-115-111-46-51-0
34020|data|DCB "__stack_chk_guard",0|95-95-115-116-97-99-107-95-99-104-107-95-103-117-97-114-100-0
34038|data|DCB "GLIBC_2.4",0|71-76-73-66-67-95-50-46-52-0
34048|data|DCW 0|0-0
34050|data|DCW 0; local  symbol: _ITM_deregisterTMCloneTable|0-0
34052|data|DCW 0; local  symbol: __gmon_start__|0-0
34054|data|DCW 0; local  symbol: _Jv_RegisterClasses|0-0
34056|data|DCW 0; local  symbol: _ITM_registerTMCloneTable|0-0
34058|data|DCW 2; open@@GLIBC_2.4|2-0
34060|data|DCW 4; fchown@@GLIBC_2.4|4-0
34062|data|DCW 4; mkdir@@GLIBC_2.4|4-0
34064|data|DCW 2; write@@GLIBC_2.4|2-0
34066|data|DCW 4; abort@@GLIBC_2.4|4-0
34068|data|DCW 4; exit@@GLIBC_2.4|4-0
34070|data|DCW 4; geteuid@@GLIBC_2.4|4-0
34072|data|DCW 4; __libc_start_main@@GLIBC_2.4|4-0
34074|data|DCW 4; __printf_chk@@GLIBC_2.4|4-0
34076|data|DCW 2; __errno_location@@GLIBC_2.4|2-0
34078|data|DCW 4; puts@@GLIBC_2.4|4-0
34080|data|DCW 4; __stack_chk_fail@@GLIBC_2.4|4-0
34082|data|DCW 2; close@@GLIBC_2.4|2-0
34084|data|DCW 4; perror@@GLIBC_2.4|4-0
34086|data|DCW 4; fchmod@@GLIBC_2.4|4-0
34088|data|DCW 2; read@@GLIBC_2.4|2-0
34090|data|DCW 3; __stack_chk_guard@@GLIBC_2.4|3-0
34092|data|Elf32_Verneed <1, 1, aLibcSo6 - byte_83BC, 0x10, 0x20>; "libc.so.6"|1-0-1-0-167-0-0-0-16-0-0-0-32-0-0-0
34108|data|Elf32_Vernaux <0xD696914, 0, 4, aGlibc24 - byte_83BC, 0>; "GLIBC_2.4"|20-105-105-13-0-0-4-0-58-1-0-0-0-0-0-0
34124|data|Elf32_Verneed <1, 1, aLdLinuxArmhfSo - byte_83BC, 0x10, 0x20>; "ld-linux-armhf.so.3"|1-0-1-0-20-1-0-0-16-0-0-0-32-0-0-0
34140|data|Elf32_Vernaux <0xD696914, 0, 3, aGlibc24 - byte_83BC, 0>; "GLIBC_2.4"|20-105-105-13-0-0-3-0-58-1-0-0-0-0-0-0
34156|data|Elf32_Verneed <1, 1, aLibpthreadSo0 - byte_83BC, 0x10, 0>; "libpthread.so.0"|1-0-1-0-101-0-0-0-16-0-0-0-0-0-0-0
34172|data|Elf32_Vernaux <0xD696914, 0, 2, aGlibc24 - byte_83BC, 0>; "GLIBC_2.4"|20-105-105-13-0-0-2-0-58-1-0-0-0-0-0-0
34188|data|Elf32_Rel <0x11050, 0x215>; R_ARM_GLOB_DAT __gmon_start__|80-16-1-0-21-2-0-0
34196|data|Elf32_Rel <0x11060, 0x1514>; R_ARM_COPY __stack_chk_guard|96-16-1-0-20-21-0-0
34204|data|Elf32_Rel <0x1100C, 0x1416>; R_ARM_JUMP_SLOT read|12-16-1-0-22-20-0-0
34212|data|Elf32_Rel <0x11010, 0x1016>; R_ARM_JUMP_SLOT __stack_chk_fail|16-16-1-0-22-16-0-0
34220|data|Elf32_Rel <0x11014, 0xB16>; R_ARM_JUMP_SLOT geteuid|20-16-1-0-22-11-0-0
34228|data|Elf32_Rel <0x11018, 0x1216>; R_ARM_JUMP_SLOT perror|24-16-1-0-22-18-0-0
34236|data|Elf32_Rel <0x1101C, 0xF16>; R_ARM_JUMP_SLOT puts|28-16-1-0-22-15-0-0
34244|data|Elf32_Rel <0x11020, 0xC16>; R_ARM_JUMP_SLOT __libc_start_main|32-16-1-0-22-12-0-0
34252|data|Elf32_Rel <0x11024, 0x216>; R_ARM_JUMP_SLOT __gmon_start__|36-16-1-0-22-2-0-0
34260|data|Elf32_Rel <0x11028, 0x516>; R_ARM_JUMP_SLOT open|40-16-1-0-22-5-0-0
34268|data|Elf32_Rel <0x1102C, 0xA16>; R_ARM_JUMP_SLOT exit|44-16-1-0-22-10-0-0
34276|data|Elf32_Rel <0x11030, 0x616>; R_ARM_JUMP_SLOT fchown|48-16-1-0-22-6-0-0
34284|data|Elf32_Rel <0x11034, 0xE16>; R_ARM_JUMP_SLOT __errno_location|52-16-1-0-22-14-0-0
34292|data|Elf32_Rel <0x11038, 0x716>; R_ARM_JUMP_SLOT mkdir|56-16-1-0-22-7-0-0
34300|data|Elf32_Rel <0x1103C, 0xD16>; R_ARM_JUMP_SLOT __printf_chk|60-16-1-0-22-13-0-0
34308|data|Elf32_Rel <0x11040, 0x816>; R_ARM_JUMP_SLOT write|64-16-1-0-22-8-0-0
34316|data|Elf32_Rel <0x11044, 0x916>; R_ARM_JUMP_SLOT abort|68-16-1-0-22-9-0-0
34324|data|Elf32_Rel <0x11048, 0x1116>; R_ARM_JUMP_SLOT close|72-16-1-0-22-17-0-0
34332|data|Elf32_Rel <0x1104C, 0x1316>; R_ARM_JUMP_SLOT fchmod|76-16-1-0-22-19-0-0
34340|code|PUSH            {R3,LR}|8-64-45-233
34344|code|BL              sub_88FC|179-0-0-235
34348|code|POP             {R3,PC}|8-128-189-232
34352|code|PUSH            {LR}|4-224-45-229
34356|code|LDR             LR, =(_GLOBAL_OFFSET_TABLE_ - 0x8640)|4-224-159-229
34360|code|ADD             LR, PC, LR; _GLOBAL_OFFSET_TABLE_|14-224-143-224
34364|code|LDR             PC, [LR,#8]!|8-240-190-229
34368|data|DCD _GLOBAL_OFFSET_TABLE_ - 0x8640|192-137-0-0
34372|code|ADR             R12, 0x864C|0-198-143-226
34376|code|ADD             R12, R12, #0x8000|8-202-140-226
34380|code|LDR             PC, [R12,#(read_ptr - 0x1064C)]!; __imp_read|192-249-188-229
34384|code|ADR             R12, 0x8658|0-198-143-226
34388|code|ADD             R12, R12, #0x8000|8-202-140-226
34392|code|LDR             PC, [R12,#(__stack_chk_fail_ptr - 0x10658)]!; __imp___stack_chk_fail|184-249-188-229
34396|code|ADR             R12, 0x8664|0-198-143-226
34400|code|ADD             R12, R12, #0x8000|8-202-140-226
34404|code|LDR             PC, [R12,#(geteuid_ptr - 0x10664)]!; __imp_geteuid|176-249-188-229
34408|code|ADR             R12, 0x8670|0-198-143-226
34412|code|ADD             R12, R12, #0x8000|8-202-140-226
34416|code|LDR             PC, [R12,#(perror_ptr - 0x10670)]!; __imp_perror|168-249-188-229
34420|code|ADR             R12, 0x867C|0-198-143-226
34424|code|ADD             R12, R12, #0x8000|8-202-140-226
34428|code|LDR             PC, [R12,#(puts_ptr - 0x1067C)]!; __imp_puts|160-249-188-229
34432|code|ADR             R12, 0x8688|0-198-143-226
34436|code|ADD             R12, R12, #0x8000|8-202-140-226
34440|code|LDR             PC, [R12,#(__libc_start_main_ptr - 0x10688)]!; __imp___libc_start_main|152-249-188-229
34444|code|ADR             R12, 0x8694|0-198-143-226
34448|code|ADD             R12, R12, #0x8000|8-202-140-226
34452|code|LDR             PC, [R12,#(__gmon_start___ptr - 0x10694)]!; __imp___gmon_start__|144-249-188-229
34456|code|ADR             R12, 0x86A0|0-198-143-226
34460|code|ADD             R12, R12, #0x8000|8-202-140-226
34464|code|LDR             PC, [R12,#(open_ptr - 0x106A0)]!; __imp_open|136-249-188-229
34468|code|ADR             R12, 0x86AC|0-198-143-226
34472|code|ADD             R12, R12, #0x8000|8-202-140-226
34476|code|LDR             PC, [R12,#(exit_ptr - 0x106AC)]!; __imp_exit|128-249-188-229
34480|code|ADR             R12, 0x86B8|0-198-143-226
34484|code|ADD             R12, R12, #0x8000|8-202-140-226
34488|code|LDR             PC, [R12,#(fchown_ptr - 0x106B8)]!; __imp_fchown|120-249-188-229
34492|code|ADR             R12, 0x86C4|0-198-143-226
34496|code|ADD             R12, R12, #0x8000|8-202-140-226
34500|code|LDR             PC, [R12,#(__errno_location_ptr - 0x106C4)]!; __imp___errno_location|112-249-188-229
34504|code|ADR             R12, 0x86D0|0-198-143-226
34508|code|ADD             R12, R12, #0x8000|8-202-140-226
34512|code|LDR             PC, [R12,#(mkdir_ptr - 0x106D0)]!; __imp_mkdir|104-249-188-229
34516|code|ADR             R12, 0x86DC|0-198-143-226
34520|code|ADD             R12, R12, #0x8000|8-202-140-226
34524|code|LDR             PC, [R12,#(__printf_chk_ptr - 0x106DC)]!; __imp___printf_chk|96-249-188-229
34528|code|ADR             R12, 0x86E8|0-198-143-226
34532|code|ADD             R12, R12, #0x8000|8-202-140-226
34536|code|LDR             PC, [R12,#(write_ptr - 0x106E8)]!; __imp_write|88-249-188-229
34540|code|ADR             R12, 0x86F4|0-198-143-226
34544|code|ADD             R12, R12, #0x8000|8-202-140-226
34548|code|LDR             PC, [R12,#(abort_ptr - 0x106F4)]!; __imp_abort|80-249-188-229
34552|code|ADR             R12, 0x8700|0-198-143-226
34556|code|ADD             R12, R12, #0x8000|8-202-140-226
34560|code|LDR             PC, [R12,#(close_ptr - 0x10700)]!; __imp_close|72-249-188-229
34564|code|ADR             R12, 0x870C|0-198-143-226
34568|code|ADD             R12, R12, #0x8000|8-202-140-226
34572|code|LDR             PC, [R12,#(fchmod_ptr - 0x1070C)]!; __imp_fchmod|64-249-188-229
34576|data|DCB 0x70|112
34577|data|DCB 0xB5, 0x41, 0xF2|181-65-242
34580|data|DCD 0xF2C00660, 0xB0A20601, 0xF6486833, 0xF2C010FC, 0x93210000|96-6-192-242-1-6-162-176-51-104-72-246-252-16-192-242-0-0-33-147-255-247-164-239-255-247-150-239-0-40-64-240-145-128-72-246-140-32-79-244-224-113-192-242-0-0-255-247-194-239-40-177-255-247-184-239-3-104-4-70-17-43-120-209-72-246-156-33-79-244-128-98-192-242-0-1-1-32-255-247-184-239-72-246-204-32-192-242-0-0-255-247-130-239-72-246-32-48-0-33-192-242-0-0-255-247-140-239-65-28-5-70-24-191-0-36-8-209-81-224-72-246-72-49-1-32-192-242-0-1-226-0-255-247-156-239-1-171-196-241-128-2-40-70-25-25-255-247-78-239-66-28-53-208-4-68-128-44-235-209-40-70-255-247-160-239-72-246-72-64-192-242-0-0-65-33-79-244-22-114-255-247-102-239-67-28-5-70-112-208-0-33-10-70-255-247-108-239-1-48-95-208-40-70-79-244-128-113-255-247-142-239-0-40-77-209-72-246-8-64-192-242-0-0-255-247-62-239-40-70-1-169-34-70-255-247-112-239-128-40-53-209-40-70-255-247-118-239-136-187-33-154-51-104-154-66-43-209-34-176-112-189-72-246-44-48-192-242-0-0-255-247-34-239-255-247-74-239-0-104-255-247-58-239-72-246-0-48-192-242-0-0-255-247-22-239-255-247-62-239-0-104-255-247-48-239-72-246-112-32-192-242-0-0-255-247-12-239-32-104-255-247-38-239-72-246-52-32-192-242-0-0-255-247-8-239-255-247-42-239-0-104-255-247-28-239-255-247-240-238-72-246-56-64-192-242-0-0-255-247-246-238-255-247-30-239-0-104-255-247-14-239-72-246-220-48-192-242-0-0-255-247-234-238-255-247-18-239-0-104-255-247-4-239-72-246-176-48-192-242-0-0-255-247-224-238-255-247-8-239-0-104-255-247-248-238-72-246-136-48-192-242-0-0-255-247-212-238-255-247-252-238-0-104-255-247-238-238-0-191
35020|code|MOV.W           R11, #0|79-240-0-11
35024|code|MOV.W           LR, #0|79-240-0-14
35028|code|POP             {R1}; argc|2-188
35030|code|MOV             R2, SP; ubp_av|106-70
35032|code|PUSH            {R2}; stack_end|4-180
35034|code|PUSH            {R0}; rtld_fini|1-180
35036|code|LDR.W           R12, =(nullsub_1+1)|223-248-16-192
35040|code|PUSH.W          {R12}; fini|77-248-4-205
35044|code|LDR             R0, =byte_8711; main|3-72
35046|code|LDR             R3, =(sub_89AC+1); init|4-75
35048|code|BLX             __libc_start_main|255-247-202-238
35052|code|BLX             abort|255-247-254-238
35056|data|DCD nullsub_1+1|237-137-0-0
35060|data|DCD byte_8711|17-135-0-0
35064|data|DCD sub_89AC+1|173-137-0-0
35068|code|LDR             R3, =(_GLOBAL_OFFSET_TABLE_ - 0x890C)|20-48-159-229
35072|code|LDR             R2, =(__gmon_start___ptr_0 - 0x11000)|20-32-159-229
35076|code|ADD             R3, PC, R3; _GLOBAL_OFFSET_TABLE_|3-48-143-224
35080|code|LDR             R2, [R3,R2]; __imp___gmon_start__|2-32-147-231
35084|code|CMP             R2, #0|0-0-82-227
35088|code|BXEQ            LR|30-255-47-1
35092|code|B               __gmon_start__|92-255-255-234
35096|data|DCD _GLOBAL_OFFSET_TABLE_ - 0x890C|244-134-0-0
35100|data|DCD __gmon_start___ptr_0 - 0x11000|80-0-0-0
35104|code|LDR             R3, =unk_1105F|7-75
35106|code|MOV             R0, #0x1105C|65-242-92-0-192-242-1-0
35114|code|SUBS            R3, R3, R0|27-26
35116|code|CMP             R3, #6|6-43
35118|code|BLS             locret_893C|5-217
35120|code|MOV             R3, #0|64-242-0-3-192-242-0-3
35128|code|CBZ             R3, locret_893C|3-177
35130|code|BX              R3|24-71
35132|code|BX              LR|112-71
35134|data|ALIGN 0x10|0-191
35136|data|DCD unk_1105F|95-16-1-0
35140|code|MOVW            R3, #0x105C|65-242-92-3
35144|code|MOVW            R0, #0x105C|65-242-92-0
35148|code|MOVT.W          R3, #1|192-242-1-3
35152|code|MOVT.W          R0, #1|192-242-1-0
35156|code|SUBS            R1, R3, R0|25-26
35158|code|ASRS            R1, R1, #2|137-16
35160|code|ADD.W           R1, R1, R1,LSR#31|1-235-209-113
35164|code|ASRS            R1, R1, #1|73-16
35166|code|BEQ             locret_896C|5-208
35168|code|MOV             R3, #0|64-242-0-3-192-242-0-3
35176|code|CBZ             R3, locret_896C|3-177
35178|code|BX              R3|24-71
35180|code|BX              LR|112-71
35182|data|ALIGN 0x10|0-191
35184|code|PUSH            {R4,LR}|16-181
35186|code|MOV             R4, #0x11064|65-242-100-4-192-242-1-4
35194|code|LDRB            R3, [R4]|35-120
35196|code|CBNZ            R3, locret_8986|27-185
35198|code|BL              sub_8920|255-247-207-255
35202|code|MOVS            R3, #1|1-35
35204|code|STRB            R3, [R4]|35-112
35206|code|POP             {R4,PC}|16-189
35208|code|MOVW            R0, #0xEF4|64-246-244-96
35212|code|PUSH            {R3,LR}|8-181
35214|code|MOVT.W          R0, #1|192-242-1-0
35218|code|LDR             R3, [R0]|3-104
35220|code|CBNZ            R3, loc_899C|19-185
35222|code|POP.W           {R3,LR}|189-232-8-64
35226|code|B               sub_8944|211-231
35228|code|MOV             R3, #0|64-242-0-3-192-242-0-3
35236|code|CMP             R3, #0|0-43
35238|code|BEQ             loc_8996|246-208
35240|code|BLX             R3|152-71
35242|code|B               loc_8996|244-231
35244|code|PUSH.W          {R3-R9,LR}|45-233-248-67
35248|code|MOV             R7, R0|7-70
35250|code|LDR             R6, =(off_10EF0 - 0x89BE)|12-78
35252|code|MOV             R8, R1|136-70
35254|code|LDR             R5, =(off_10EEC - 0x89C4)|12-77
35256|code|MOV             R9, R2|145-70
35258|code|ADD             R6, PC; off_10EF0|126-68
35260|code|BLX             .init_proc|255-247-50-238
35264|code|ADD             R5, PC; off_10EEC|125-68
35266|code|SUBS            R6, R6, R5|118-27
35268|code|ASRS            R6, R6, #2|182-16
35270|code|BEQ             locret_89DE|10-208
35272|code|SUBS            R5, #4|4-61
35274|code|MOVS            R4, #0|0-36
35276|code|ADDS            R4, #1|1-52
35278|code|LDR.W           R3, [R5,#4]!|85-248-4-63
35282|code|MOV             R0, R7|56-70
35284|code|MOV             R1, R8|65-70
35286|code|MOV             R2, R9|74-70
35288|code|BLX             R3|152-71
35290|code|CMP             R4, R6|180-66
35292|code|BNE             loc_89CC|246-209
35294|code|POP.W           {R3-R9,PC}|189-232-248-131
35298|data|ALIGN 4|0-191
35300|data|DCD off_10EF0 - 0x89BE|50-133-0-0
35304|data|DCD off_10EEC - 0x89C4|40-133-0-0
35308|code|BX              LR|112-71
35310|data|ALIGN 0x10|0-191
35312|code|PUSH            {R3,LR}|8-64-45-233
35316|code|POP             {R3,PC}|8-128-189-232
69356|data|DCD sub_8988+1|137-137-0-0
69360|data|DCD sub_8970+1|113-137-0-0
69364|data|DCD 0|0-0-0-0
69368|data|Elf32_Dyn <1, <1>>; DT_NEEDED librt.so.1|1-0-0-0-1-0-0-0
69376|data|Elf32_Dyn <1, <0x65>>; DT_NEEDED libpthread.so.0|1-0-0-0-101-0-0-0
69384|data|Elf32_Dyn <1, <0x9C>>; DT_NEEDED libdl.so.2|1-0-0-0-156-0-0-0
69392|data|Elf32_Dyn <1, <0xA7>>; DT_NEEDED libc.so.6|1-0-0-0-167-0-0-0
69400|data|Elf32_Dyn <1, <0x114>>; DT_NEEDED ld-linux-armhf.so.3|1-0-0-0-20-1-0-0
69408|data|Elf32_Dyn <0xC, <0x8624>>; DT_INIT|12-0-0-0-36-134-0-0
69416|data|Elf32_Dyn <0xD, <0x89F0>>; DT_FINI|13-0-0-0-240-137-0-0
69424|data|Elf32_Dyn <0x19, <0x10EEC>>; DT_INIT_ARRAY|25-0-0-0-236-14-1-0
69432|data|Elf32_Dyn <0x1B, <4>>; DT_INIT_ARRAYSZ|27-0-0-0-4-0-0-0
69440|data|Elf32_Dyn <0x1A, <0x10EF0>>; DT_FINI_ARRAY|26-0-0-0-240-14-1-0
69448|data|Elf32_Dyn <0x1C, <4>>; DT_FINI_ARRAYSZ|28-0-0-0-4-0-0-0
69456|data|Elf32_Dyn <0x6FFFFEF5, <0x81B4>>; DT_GNU_HASH|245-254-255-111-180-129-0-0
69464|data|Elf32_Dyn <5, <0x83BC>>; DT_STRTAB|5-0-0-0-188-131-0-0
69472|data|Elf32_Dyn <6, <0x825C>>; DT_SYMTAB|6-0-0-0-92-130-0-0
69480|data|Elf32_Dyn <0xA, <0x144>>; DT_STRSZ|10-0-0-0-68-1-0-0
69488|data|Elf32_Dyn <0xB, <0x10>>; DT_SYMENT|11-0-0-0-16-0-0-0
69496|data|Elf32_Dyn <0x15, <0>>; DT_DEBUG|21-0-0-0-0-0-0-0
69504|data|Elf32_Dyn <3, <0x11000>>; DT_PLTGOT|3-0-0-0-0-16-1-0
69512|data|Elf32_Dyn <2, <0x88>>; DT_PLTRELSZ|2-0-0-0-136-0-0-0
69520|data|Elf32_Dyn <0x14, <0x11>>; DT_PLTREL|20-0-0-0-17-0-0-0
69528|data|Elf32_Dyn <0x17, <0x859C>>; DT_JMPREL|23-0-0-0-156-133-0-0
69536|data|Elf32_Dyn <0x11, <0x858C>>; DT_REL|17-0-0-0-140-133-0-0
69544|data|Elf32_Dyn <0x12, <0x10>>; DT_RELSZ|18-0-0-0-16-0-0-0
69552|data|Elf32_Dyn <0x13, <8>>; DT_RELENT|19-0-0-0-8-0-0-0
69560|data|Elf32_Dyn <0x6FFFFFFE, <0x852C>>; DT_VERNEED|254-255-255-111-44-133-0-0
69568|data|Elf32_Dyn <0x6FFFFFFF, <3>>; DT_VERNEEDNUM|255-255-255-111-3-0-0-0
69576|data|Elf32_Dyn <0x6FFFFFF0, <0x8500>>; DT_VERSYM|240-255-255-111-0-133-0-0
69584|data|Elf32_Dyn <0>; DT_NULL|0-0-0-0-0-0-0-0
69592|data|ALIGN 0x40|0-0-0-0-0-0-0-0-0-0-0-0-0-0-0-0-0-0-0-0-0-0-0-0-0-0-0-0-0-0-0-0-0-0-0-0-0-0-0-0
69632|data|DCD stru_10EF8|248-14-1-0
69636|data|DCD 0|0-0-0-0
69640|data|DCD 0|0-0-0-0
69644|data|DCD __imp_read|164-16-1-0
69648|data|DCD __imp___stack_chk_fail|148-16-1-0
69652|data|DCD __imp_geteuid|128-16-1-0
69656|data|DCD __imp_perror|156-16-1-0
69660|data|DCD __imp_puts|144-16-1-0
69664|data|DCD __imp___libc_start_main|132-16-1-0
69668|data|DCD __imp___gmon_start__|172-16-1-0
69672|data|DCD __imp_open|104-16-1-0
69676|data|DCD __imp_exit|124-16-1-0
69680|data|DCD __imp_fchown|108-16-1-0
69684|data|DCD __imp___errno_location|140-16-1-0
69688|data|DCD __imp_mkdir|112-16-1-0
69692|data|DCD __imp___printf_chk|136-16-1-0
69696|data|DCD __imp_write|116-16-1-0
69700|data|DCD __imp_abort|120-16-1-0
69704|data|DCD __imp_close|152-16-1-0
69708|data|DCD __imp_fchmod|160-16-1-0
69712|data|DCD __imp___gmon_start__|172-16-1-0
