address|type|disassembly|bytes
32768|data|DCD 0x464C457F; File format: \x7FELF|127-69-76-70
32772|data|DCB 1; File class: 32-bit|1
32773|data|DCB 1; Data encoding: little-endian|1
32774|data|DCB 1; File version|1
32775|data|DCB 0; OS/ABI: UNIX System V ABI|0
32776|data|DCB 0; ABI Version|0
32777|data|DCB 0, 0, 0, 0, 0, 0, 0; Padding|0-0-0-0-0-0-0
32784|data|DCW 2; File type: Executable|2-0
32786|data|DCW 0x28; Machine: ARM|40-0
32788|data|DCD 1; File version|1-0-0-0
32792|data|DCD start+1; Entry point|217-143-0-0
32796|data|DCD 0x34; PHT file offset|52-0-0-0
32800|data|DCD 0x4248; SHT file offset|72-66-0-0
32804|data|DCD 0x5000002; Processor-specific flags|2-0-0-5
32808|data|DCW 0x34; ELF header size|52-0
32810|data|DCW 0x20; PHT entry size|32-0
32812|data|DCW 9; Number of entries in PHT|9-0
32814|data|DCW 0x28; SHT entry size|40-0
32816|data|DCW 0x1E; Number of entries in SHT|30-0
32818|data|DCW 0x1D; SHT entry index for string table|29-0
32820|data|DCD 0x70000001; Type: EXIDX|1-0-0-112
32824|data|DCD 0x3C28; File offset|40-60-0-0
32828|data|DCD unk_BC28; Virtual address|40-188-0-0
32832|data|DCD 0xBC28; Physical address|40-188-0-0
32836|data|DCD 8; Size in file image|8-0-0-0
32840|data|DCD 8; Size in memory image|8-0-0-0
32844|data|DCD 4; Flags|4-0-0-0
32848|data|DCD 4; Alignment|4-0-0-0
32852|data|DCD 6; Type: PHDR|6-0-0-0
32856|data|DCD 0x34; File offset|52-0-0-0
32860|data|DCD dword_8034; Virtual address|52-128-0-0
32864|data|DCD 0x8034; Physical address|52-128-0-0
32868|data|DCD 0x120; Size in file image|32-1-0-0
32872|data|DCD 0x120; Size in memory image|32-1-0-0
32876|data|DCD 5; Flags|5-0-0-0
32880|data|DCD 4; Alignment|4-0-0-0
32884|data|DCD 3; Type: INTERP|3-0-0-0
32888|data|DCD 0x154; File offset|84-1-0-0
32892|data|DCD aLibLdLinuxArmh; Virtual address|84-129-0-0
32896|data|DCD 0x8154; Physical address|84-129-0-0
32900|data|DCD 0x19; Size in file image|25-0-0-0
32904|data|DCD 0x19; Size in memory image|25-0-0-0
32908|data|DCD 4; Flags|4-0-0-0
32912|data|DCD 1; Alignment|1-0-0-0
32916|data|DCD 1; Type: LOAD|1-0-0-0
32920|data|DCD 0; File offset|0-0-0-0
32924|data|DCD dword_8000; Virtual address|0-128-0-0
32928|data|DCD 0x8000; Physical address|0-128-0-0
32932|data|DCD 0x3C34; Size in file image|52-60-0-0
32936|data|DCD 0x3C34; Size in memory image|52-60-0-0
32940|data|DCD 5; Flags|5-0-0-0
32944|data|DCD 0x8000; Alignment|0-128-0-0
32948|data|DCD 1; Type: LOAD|1-0-0-0
32952|data|DCD 0x3EAC; File offset|172-62-0-0
32956|data|DCD off_13EAC; Virtual address|172-62-1-0
32960|data|DCD 0x13EAC; Physical address|172-62-1-0
32964|data|DCD 0x228; Size in file image|40-2-0-0
32968|data|DCD 0x2F4; Size in memory image|244-2-0-0
32972|data|DCD 6; Flags|6-0-0-0
32976|data|DCD 0x8000; Alignment|0-128-0-0
32980|data|DCD 2; Type: DYNAMIC|2-0-0-0
32984|data|DCD 0x3EF8; File offset|248-62-0-0
32988|data|DCD stru_13EF8; Virtual address|248-62-1-0
32992|data|DCD 0x13EF8; Physical address|248-62-1-0
32996|data|DCD 0x108; Size in file image|8-1-0-0
33000|data|DCD 0x108; Size in memory image|8-1-0-0
33004|data|DCD 6; Flags|6-0-0-0
33008|data|DCD 4; Alignment|4-0-0-0
33012|data|DCD 4; Type: NOTE|4-0-0-0
33016|data|DCD 0x170; File offset|112-1-0-0
33020|data|DCD dword_8170; Virtual address|112-129-0-0
33024|data|DCD 0x8170; Physical address|112-129-0-0
33028|data|DCD 0x44; Size in file image|68-0-0-0
33032|data|DCD 0x44; Size in memory image|68-0-0-0
33036|data|DCD 4; Flags|4-0-0-0
33040|data|DCD 4; Alignment|4-0-0-0
33044|data|DCD 0x6474E551; Type: STACK|81-229-116-100
33048|data|DCD 0; File offset|0-0-0-0
33052|data|DCD 0; Virtual address|0-0-0-0
33056|data|DCD 0; Physical address|0-0-0-0
33060|data|DCD 0; Size in file image|0-0-0-0
33064|data|DCD 0; Size in memory image|0-0-0-0
33068|data|DCD 6; Flags|6-0-0-0
33072|data|DCD 4; Alignment|4-0-0-0
33076|data|DCD 0x6474E552; Type: RO-AFTER|82-229-116-100
33080|data|DCD 0x3EAC; File offset|172-62-0-0
33084|data|DCD off_13EAC; Virtual address|172-62-1-0
33088|data|DCD 0x13EAC; Physical address|172-62-1-0
33092|data|DCD 0x154; Size in file image|84-1-0-0
33096|data|DCD 0x154; Size in memory image|84-1-0-0
33100|data|DCD 4; Flags|4-0-0-0
33104|data|DCD 1; Alignment|1-0-0-0
33108|data|DCB "/lib/ld-linux-armhf.so.3",0|47-108-105-98-47-108-100-45-108-105-110-117-120-45-97-114-109-104-102-46-115-111-46-51-0
33133|data|DCB 0, 0, 0|0-0-0
33136|data|DCD 4; Name Size|4-0-0-0
33140|data|DCD 0x10; Desc Size|16-0-0-0
33144|data|DCD 1; Type: NT_GNU_ABI_TAG|1-0-0-0
33148|data|DCB "GNU",0; Name|71-78-85-0
33152|data|DCD 0, 2, 6, 0x1A; ABI: Linux 2.6.26|0-0-0-0-2-0-0-0-6-0-0-0-26-0-0-0
33168|data|DCD 4; Name Size|4-0-0-0
33172|data|DCD 0x14; Desc Size|20-0-0-0
33176|data|DCD 3; Type: NT_GNU_BUILD_ID|3-0-0-0
33180|data|DCB "GNU",0; Name|71-78-85-0
33184|data|DCB 0xBB, 0x63, 0x6C, 0xA1, 0x7D, 0x2D, 0x68, 0x53, 0x2A; Desc|187-99-108-161-125-45-104-83-42-183-7-8-34-70-99-217-60-158-205-178
33204|data|DCD 0x25|37-0-0-0
33208|data|DCD 0x38|56-0-0-0
33212|data|DCD 0x26, 0x2A, 0x17, 0, 0, 0x1B, 0x25, 0x2F, 1, 5, 0x2D|38-0-0-0-42-0-0-0-23-0-0-0-0-0-0-0-0-0-0-0-27-0-0-0-37-0-0-0-47-0-0-0-1-0-0-0-5-0-0-0-45-0-0-0-14-0-0-0-41-0-0-0-0-0-0-0-17-0-0-0-26-0-0-0-15-0-0-0-0-0-0-0-48-0-0-0-53-0-0-0-24-0-0-0-0-0-0-0-0-0-0-0-8-0-0-0-0-0-0-0-11-0-0-0-32-0-0-0-16-0-0-0-3-0-0-0-4-0-0-0-46-0-0-0-40-0-0-0-33-0-0-0-25-0-0-0-49-0-0-0-12-0-0-0-6-0-0-0
33360|data|DCD 0, 0, 0, 0, 0x1C, 0, 0x2C, 0x36, 0xA, 0, 0, 7, 0x27|0-0-0-0-0-0-0-0-0-0-0-0-0-0-0-0-28-0-0-0-0-0-0-0-44-0-0-0-54-0-0-0-10-0-0-0-0-0-0-0-0-0-0-0-7-0-0-0-39-0-0-0-0-0-0-0-22-0-0-0-0-0-0-0-29-0-0-0-19-0-0-0-0-0-0-0-0-0-0-0-34-0-0-0-2-0-0-0-0-0-0-0-35-0-0-0-30-0-0-0-0-0-0-0-0-0-0-0-0-0-0-0-0-0-0-0-9-0-0-0-0-0-0-0-0-0-0-0-51-0-0-0-0-0-0-0-0-0-0-0-0-0-0-0-0-0-0-0-50-0-0-0-31-0-0-0-20-0-0-0-52-0-0-0-0-0-0-0-21-0-0-0-0-0-0-0-0-0-0-0-43-0-0-0-0-0-0-0-0-0-0-0-36-0-0-0-0-0-0-0-0-0-0-0-0-0-0-0-55-0-0-0-0-0-0-0-13-0-0-0-18-0-0-0
33584|data|DCD 0x25|37-0-0-0
33588|data|DCD 7|7-0-0-0
33592|data|DCD 0x10|16-0-0-0
33596|data|DCD 9|9-0-0-0
33600|data|DCD 0xC000A2, 0x11034081, 0xC4020800, 0x80408400, 0x41224080|162-0-192-0-129-64-3-17-0-8-2-196-0-132-64-128-128-64-34-65-38-97-0-130-32-12-64-0-0-72-9-0-1-0-128-0-0-0-194-32-12-1-128-27-128-16-64-32-0-0-1-100-65-0-18-25-2-18-64-145-18-70-0-32
33664|data|DCD 7, 9, 0, 0xB, 0xC, 0xD, 0xF, 0x12, 0, 0x13, 0x14, 0x15|7-0-0-0-9-0-0-0-0-0-0-0-11-0-0-0-12-0-0-0-13-0-0-0-15-0-0-0-18-0-0-0-0-0-0-0-19-0-0-0-20-0-0-0-21-0-0-0-24-0-0-0-25-0-0-0-26-0-0-0-28-0-0-0-29-0-0-0-0-0-0-0-0-0-0-0-33-0-0-0-34-0-0-0-0-0-0-0-36-0-0-0-38-0-0-0-39-0-0-0-40-0-0-0-41-0-0-0-43-0-0-0-45-0-0-0-0-0-0-0-47-0-0-0-0-0-0-0-0-0-0-0-49-0-0-0-0-0-0-0-51-0-0-0-54-0-0-0
33812|data|DCD 0x615D8AA0, 0xD39AD3D, 0xF079475C, 0x690BD6C5, 0xCDB26C05|160-138-93-97-61-173-57-13-92-71-121-240-197-214-11-105-5-108-178-205-215-148-147-28-234-211-239-14-33-98-100-7-234-22-169-24-160-185-132-221-1-175-52-232-135-240-150-124-47-78-61-246-33-162-209-47-6-2-4-249-142-170-54-104-67-119-41-145-159-34-199-168-125-237-17-15-228-187-143-165-185-208-179-47-157-187-147-28-6-174-213-39-48-239-233-188-88-239-151-121-225-29-4-36-49-184-130-13-56-64-12-175-145-117-130-13-74-34-125-255-175-196-77-15-205-63-12-175-217-113-88-28-187-227-146-124-126-158-208-24-95-150-147-28-158-251-110-15-193-109-31-225-94-116-59-197-201-57-64-31-72-115-14-51-67-69-213-236-180-99-106-38-103-89-47-229-242-22-230-245-190-218-87-27-185-141-241-14-238-224-124-39-119-84-60-148
34008|data|Elf32_Sym <0>|0-0-0-0-0-0-0-0-0-0-0-0-0-0-0-0
34024|data|Elf32_Sym <aGmonStart - byte_8858, 0, 0, 0x20, 0, 0>; "__gmon_start__"|14-0-0-0-0-0-0-0-0-0-0-0-32-0-0-0
34040|data|Elf32_Sym <aJvRegisterclas - byte_8858, 0, 0, 0x20, 0, 0>; "_Jv_RegisterClasses"|29-0-0-0-0-0-0-0-0-0-0-0-32-0-0-0
34056|data|Elf32_Sym <aStdin - byte_8858, 0, 0, 0x11, 0, 0>; "stdin"|203-0-0-0-0-0-0-0-0-0-0-0-17-0-0-0
34072|data|Elf32_Sym <aStdout - byte_8858, 0, 0, 0x11, 0, 0>; "stdout"|236-0-0-0-0-0-0-0-0-0-0-0-17-0-0-0
34088|data|Elf32_Sym <aStderr - byte_8858, 0, 0, 0x11, 0, 0>; "stderr"|37-1-0-0-0-0-0-0-0-0-0-0-17-0-0-0
34104|data|Elf32_Sym <aOptarg - byte_8858, 0, 0, 0x11, 0, 0>; "optarg"|30-1-0-0-0-0-0-0-0-0-0-0-17-0-0-0
34120|data|Elf32_Sym <aSetlocale - byte_8858, setlocale, 0, 0x12, 0, 0>; "setlocale"|135-0-0-0-164-141-0-0-0-0-0-0-18-0-0-0
34136|data|Elf32_Sym <aMalloc - byte_8858, malloc, 0, 0x12, 0, 0>; "malloc"|250-0-0-0-188-141-0-0-0-0-0-0-18-0-0-0
34152|data|Elf32_Sym <aGetpass - byte_8858, getpass, 0, 0x12, 0, 0>; "getpass"|1-1-0-0-248-140-0-0-0-0-0-0-18-0-0-0
34168|data|Elf32_Sym <aTrspiNativeToU - byte_8858, Trspi_Native_To_UNICODE, 0, \; "Trspi_Native_To_UNICODE"|55-0-0-0-140-141-0-0-0-0-0-0-18-0-0-0
34184|data|Elf32_Sym <aStrdup - byte_8858, __strdup, 0, 0x12, 0, 0>; "__strdup"|153-0-0-0-20-142-0-0-0-0-0-0-18-0-0-0
34200|data|Elf32_Sym <aStrcat - byte_8858, strcat, 0, 0x12, 0, 0>; "strcat"|9-1-0-0-224-141-0-0-0-0-0-0-18-0-0-0
34216|data|Elf32_Sym <aFini - byte_8858, .term_proc+1, 0, 0x12, 0, 0xF>; "_fini"|79-0-0-0-201-175-0-0-0-0-0-0-18-0-15-0
34232|data|Elf32_Sym <aStackChkGuard - byte_8858, __stack_chk_guard, 4, 0x11, 0, \; "__stack_chk_guard"|150-1-0-0-216-64-1-0-4-0-0-0-17-0-26-0
34248|data|Elf32_Sym <aDlclose - byte_8858, dlclose, 0, 0x12, 0, 0>; "dlclose"|110-0-0-0-28-141-0-0-0-0-0-0-18-0-0-0
34264|data|Elf32_Sym <aGBtokenopen - byte_8858, g_bTokenOpen, 4, 0x11, 0, 0x1A>; "g_bTokenOpen"|9-2-0-0-232-64-1-0-4-0-0-0-17-0-26-0
34280|data|Elf32_Sym <aBssEnd+1 - byte_8858, _end_0, 0, 0x10, 0, 0xFFF1>; "_bss_end__"|202-1-0-0-160-65-1-0-0-0-0-0-16-0-241-255
34296|data|Elf32_Sym <aFree - byte_8858, free, 0, 0x12, 0, 0>; "free"|125-1-0-0-92-141-0-0-0-0-0-0-18-0-0-0
34312|data|Elf32_Sym <aLibcStartMain - byte_8858, __libc_start_main, 0, 0x12, 0, \; "__libc_start_main"|107-1-0-0-208-140-0-0-0-0-0-0-18-0-0-0
34328|data|Elf32_Sym <aGTtoken - byte_8858, g_tToken, 0xA0, 0x11, 0, 0x1A>; "g_tToken"|237-1-0-0-252-64-1-0-160-0-0-0-17-0-26-0
34344|data|Elf32_Sym <aDlopen - byte_8858, dlopen, 0, 0x12, 0, 0>; "dlopen"|118-0-0-0-76-141-0-0-0-0-0-0-18-0-0-0
34360|data|Elf32_Sym <aGPfcnlist - byte_8858, g_pFcnList, 4, 0x11, 0, 0x1A>; "g_pFcnList"|32-2-0-0-240-64-1-0-4-0-0-0-17-0-26-0
34376|data|Elf32_Sym <aBindtextdomain+4 - byte_8858, textdomain, 0, 0x12, 0, 0>; "textdomain"|89-1-0-0-240-141-0-0-0-0-0-0-18-0-0-0
34392|data|Elf32_Sym <aSprintfChk - byte_8858, __sprintf_chk, 0, 0x12, 0, 0>; "__sprintf_chk"|71-1-0-0-252-141-0-0-0-0-0-0-18-0-0-0
34408|data|Elf32_Sym <aAbort - byte_8858, abort, 0, 0x12, 0, 0>; "abort"|197-0-0-0-196-140-0-0-0-0-0-0-18-0-0-0
34424|data|Elf32_Sym <aLogcmdhelp - byte_8858, logCmdHelp+1, 0x18, 0x12, 0, 0xE>; "logCmdHelp"|226-1-0-0-97-170-0-0-24-0-0-0-18-0-14-0
34440|data|Elf32_Sym <aUseunicode - byte_8858, useUnicode, 4, 0x11, 0, 0x1A>; "useUnicode"|43-2-0-0-248-64-1-0-4-0-0-0-17-0-26-0
34456|data|Elf32_Sym <aStrlen - byte_8858, strlen, 0, 0x12, 0, 0>; "strlen"|222-0-0-0-128-141-0-0-0-0-0-0-18-0-0-0
34472|data|Elf32_Sym <aGetoptLong - byte_8858, getopt_long, 0, 0x12, 0, 0>; "getopt_long"|44-1-0-0-104-141-0-0-0-0-0-0-18-0-0-0
34488|data|Elf32_Sym <aDcgettext - byte_8858, dcgettext, 0, 0x12, 0, 0>; "dcgettext"|162-0-0-0-116-141-0-0-0-0-0-0-18-0-0-0
34504|data|Elf32_Sym <aEnd - byte_8858, _end_0, 0, 0x10, 0, 0xFFF1>; "__end__"|213-1-0-0-160-65-1-0-0-0-0-0-16-0-241-255
34520|data|Elf32_Sym <aGPszsolib - byte_8858, g_pszSoLib, 4, 0x11, 0, 0x19>; "g_pszSoLib"|62-2-0-0-204-64-1-0-4-0-0-0-17-0-25-0
34536|data|Elf32_Sym <aMemset - byte_8858, memset, 0, 0x12, 0, 0>; "memset"|229-0-0-0-40-141-0-0-0-0-0-0-18-0-0-0
34552|data|Elf32_Sym <aStrncpy - byte_8858, strncpy, 0, 0x12, 0, 0>; "strncpy"|172-0-0-0-236-140-0-0-0-0-0-0-18-0-0-0
34568|data|Elf32_Sym <aMemcpy - byte_8858, memcpy, 0, 0x12, 0, 0>; "memcpy"|243-0-0-0-152-141-0-0-0-0-0-0-18-0-0-0
34584|data|Elf32_Sym <aStrncpyChk - byte_8858, __strncpy_chk, 0, 0x12, 0, 0>; "__strncpy_chk"|16-1-0-0-64-141-0-0-0-0-0-0-18-0-0-0
34600|data|Elf32_Sym <aDlsym - byte_8858, dlsym, 0, 0x12, 0, 0>; "dlsym"|96-0-0-0-44-142-0-0-0-0-0-0-18-0-0-0
34616|data|Elf32_Sym <aStrncmp - byte_8858, strncmp, 0, 0x12, 0, 0>; "strncmp"|145-0-0-0-8-142-0-0-0-0-0-0-18-0-0-0
34632|data|Elf32_Sym <aBssStart - byte_8858, unk_140D4, 0, 0x10, 0, 0xFFF1>; "__bss_start"|175-1-0-0-212-64-1-0-0-0-0-0-16-0-241-255
34648|data|Elf32_Sym <aEnd_0 - byte_8858, _end_0, 0, 0x10, 0, 0xFFF1>; "_end"|221-1-0-0-160-65-1-0-0-0-0-0-16-0-241-255
34664|data|Elf32_Sym <aDlerror - byte_8858, dlerror, 0, 0x12, 0, 0>; "dlerror"|102-0-0-0-212-141-0-0-0-0-0-0-18-0-0-0
34680|data|Elf32_Sym <aStrcmp - byte_8858, strcmp, 0, 0x12, 0, 0>; "strcmp"|100-1-0-0-32-142-0-0-0-0-0-0-18-0-0-0
34696|data|Elf32_Sym <aFgets - byte_8858, fgets, 0, 0x12, 0, 0>; "fgets"|209-0-0-0-4-141-0-0-0-0-0-0-18-0-0-0
34712|data|Elf32_Sym <aGBinit - byte_8858, g_bInit, 4, 0x11, 0, 0x1A>; "g_bInit"|54-2-0-0-236-64-1-0-4-0-0-0-17-0-26-0
34728|data|Elf32_Sym <aBindtextdomain - byte_8858, bindtextdomain, 0, 0x12, 0, 0>; "bindtextdomain"|85-1-0-0-52-141-0-0-0-0-0-0-18-0-0-0
34744|data|Elf32_Sym <aStackChkFail - byte_8858, __stack_chk_fail, 0, 0x12, 0, 0>; "__stack_chk_fail"|180-0-0-0-200-141-0-0-0-0-0-0-18-0-0-0
34760|data|Elf32_Sym <aIloglevel - byte_8858, iLogLevel, 4, 0x11, 0, 0x19>; "iLogLevel"|22-2-0-0-208-64-1-0-4-0-0-0-17-0-25-0
34776|data|Elf32_Sym <aEdata - byte_8858, unk_140D4, 0, 0x10, 0, 0xFFF1>; "_edata"|168-1-0-0-212-64-1-0-0-0-0-0-16-0-241-255
34792|data|Elf32_Sym <aGPsolib - byte_8858, g_pSoLib, 4, 0x11, 0, 0x1A>; "g_pSoLib"|0-2-0-0-244-64-1-0-4-0-0-0-17-0-26-0
34808|data|Elf32_Sym <aVfprintfChk - byte_8858, __vfprintf_chk, 0, 0x12, 0, 0>; "__vfprintf_chk"|56-1-0-0-176-141-0-0-0-0-0-0-18-0-0-0
34824|data|Elf32_Sym <aCalloc - byte_8858, calloc, 0, 0x12, 0, 0>; "calloc"|215-0-0-0-16-141-0-0-0-0-0-0-18-0-0-0
34840|data|Elf32_Sym <aBssEnd - byte_8858, _end_0, 0, 0x10, 0, 0xFFF1>; "__bss_end__"|201-1-0-0-160-65-1-0-0-0-0-0-16-0-241-255
34856|data|Elf32_Sym <aInit - byte_8858, .init_proc+1, 0, 0x12, 0, 0xC>; "_init"|49-0-0-0-165-140-0-0-0-0-0-0-18-0-12-0
34872|data|Elf32_Sym <aGTslotid - byte_8858, g_tSlotId, 4, 0x11, 0, 0x1A>; "g_tSlotId"|246-1-0-0-156-65-1-0-4-0-0-0-17-0-26-0
34888|data|Elf32_Sym <aBssStart_0 - byte_8858, unk_140D4, 0, 0x10, 0, 0xFFF1>; "__bss_start__"|187-1-0-0-212-64-1-0-0-0-0-0-16-0-241-255
34904|data|DCB 0|0
34905|data|DCB "libtspi.so.1",0|108-105-98-116-115-112-105-46-115-111-46-49-0
34918|data|DCB "__gmon_start__",0|95-95-103-109-111-110-95-115-116-97-114-116-95-95-0
34933|data|DCB "_Jv_RegisterClasses",0|95-74-118-95-82-101-103-105-115-116-101-114-67-108-97-115-115-101-115-0
34953|data|DCB "_init",0|95-105-110-105-116-0
34959|data|DCB "Trspi_Native_To_UNICODE",0|84-114-115-112-105-95-78-97-116-105-118-101-95-84-111-95-85-78-73-67-79-68-69-0
34983|data|DCB "_fini",0|95-102-105-110-105-0
34989|data|DCB "libdl.so.2",0|108-105-98-100-108-46-115-111-46-50-0
35000|data|DCB "dlsym",0|100-108-115-121-109-0
35006|data|DCB "dlerror",0|100-108-101-114-114-111-114-0
35014|data|DCB "dlclose",0|100-108-99-108-111-115-101-0
35022|data|DCB "dlopen",0|100-108-111-112-101-110-0
35029|data|DCB "libc.so.6",0|108-105-98-99-46-115-111-46-54-0
35039|data|DCB "setlocale",0|115-101-116-108-111-99-97-108-101-0
35049|data|DCB "strncmp",0|115-116-114-110-99-109-112-0
35057|data|DCB "__strdup",0|95-95-115-116-114-100-117-112-0
35066|data|DCB "dcgettext",0|100-99-103-101-116-116-101-120-116-0
35076|data|DCB "strncpy",0|115-116-114-110-99-112-121-0
35084|data|DCB "__stack_chk_fail",0|95-95-115-116-97-99-107-95-99-104-107-95-102-97-105-108-0
35101|data|DCB "abort",0|97-98-111-114-116-0
35107|data|DCB "stdin",0|115-116-100-105-110-0
35113|data|DCB "fgets",0|102-103-101-116-115-0
35119|data|DCB "calloc",0|99-97-108-108-111-99-0
35126|data|DCB "strlen",0|115-116-114-108-101-110-0
35133|data|DCB "memset",0|109-101-109-115-101-116-0
35140|data|DCB "stdout",0|115-116-100-111-117-116-0
35147|data|DCB "memcpy",0|109-101-109-99-112-121-0
35154|data|DCB "malloc",0|109-97-108-108-111-99-0
35161|data|DCB "getpass",0|103-101-116-112-97-115-115-0
35169|data|DCB "strcat",0|115-116-114-99-97-116-0
35176|data|DCB "__strncpy_chk",0|95-95-115-116-114-110-99-112-121-95-99-104-107-0
35190|data|DCB "optarg",0|111-112-116-97-114-103-0
35197|data|DCB "stderr",0|115-116-100-101-114-114-0
35204|data|DCB "getopt_long",0|103-101-116-111-112-116-95-108-111-110-103-0
35216|data|DCB "__vfprintf_chk",0|95-95-118-102-112-114-105-110-116-102-95-99-104-107-0
35231|data|DCB "__sprintf_chk",0|95-95-115-112-114-105-110-116-102-95-99-104-107-0
35245|data|DCB "bindtextdomain",0|98-105-110-100-116-101-120-116-100-111-109-97-105-110-0
35260|data|DCB "strcmp",0|115-116-114-99-109-112-0
35267|data|DCB "__libc_start_main",0|95-95-108-105-98-99-95-115-116-97-114-116-95-109-97-105-110-0
35285|data|DCB "free",0|102-114-101-101-0
35290|data|DCB "ld-linux-armhf.so.3",0|108-100-45-108-105-110-117-120-45-97-114-109-104-102-46-115-111-46-51-0
35310|data|DCB "__stack_chk_guard",0|95-95-115-116-97-99-107-95-99-104-107-95-103-117-97-114-100-0
35328|data|DCB "_edata",0|95-101-100-97-116-97-0
35335|data|DCB "__bss_start",0|95-95-98-115-115-95-115-116-97-114-116-0
35347|data|DCB "__bss_start__",0|95-95-98-115-115-95-115-116-97-114-116-95-95-0
35361|data|DCB "__bss_end__",0|95-95-98-115-115-95-101-110-100-95-95-0
35373|data|DCB "__end__",0|95-95-101-110-100-95-95-0
35381|data|DCB "_end",0|95-101-110-100-0
35386|data|DCB "logCmdHelp",0|108-111-103-67-109-100-72-101-108-112-0
35397|data|DCB "g_tToken",0|103-95-116-84-111-107-101-110-0
35406|data|DCB "g_tSlotId",0|103-95-116-83-108-111-116-73-100-0
35416|data|DCB "g_pSoLib",0|103-95-112-83-111-76-105-98-0
35425|data|DCB "g_bTokenOpen",0|103-95-98-84-111-107-101-110-79-112-101-110-0
35438|data|DCB "iLogLevel",0|105-76-111-103-76-101-118-101-108-0
35448|data|DCB "g_pFcnList",0|103-95-112-70-99-110-76-105-115-116-0
35459|data|DCB "useUnicode",0|117-115-101-85-110-105-99-111-100-101-0
35470|data|DCB "g_bInit",0|103-95-98-73-110-105-116-0
35478|data|DCB "g_pszSoLib",0|103-95-112-115-122-83-111-76-105-98-0
35489|data|DCB "GLIBC_2.4",0|71-76-73-66-67-95-50-46-52-0
35499|data|DCB 0|0
35500|data|DCW 0|0-0
35502|data|DCW 0; local  symbol: __gmon_start__|0-0
35504|data|DCW 0; local  symbol: _Jv_RegisterClasses|0-0
35506|data|DCW 2; stdin@@GLIBC_2.4|2-0
35508|data|DCW 2; stdout@@GLIBC_2.4|2-0
35510|data|DCW 2; stderr@@GLIBC_2.4|2-0
35512|data|DCW 2; optarg@@GLIBC_2.4|2-0
35514|data|DCW 2; setlocale@@GLIBC_2.4|2-0
35516|data|DCW 2; malloc@@GLIBC_2.4|2-0
35518|data|DCW 2; getpass@@GLIBC_2.4|2-0
35520|data|DCW 0; local  symbol: Trspi_Native_To_UNICODE|0-0
35522|data|DCW 2; __strdup@@GLIBC_2.4|2-0
35524|data|DCW 2; strcat@@GLIBC_2.4|2-0
35526|data|DCW 1; global symbol: _fini|1-0
35528|data|DCW 4; __stack_chk_guard@@GLIBC_2.4|4-0
35530|data|DCW 3; dlclose@@GLIBC_2.4|3-0
35532|data|DCW 1; global symbol: g_bTokenOpen|1-0
35534|data|DCW 1; global symbol: _bss_end__|1-0
35536|data|DCW 2; free@@GLIBC_2.4|2-0
35538|data|DCW 2; __libc_start_main@@GLIBC_2.4|2-0
35540|data|DCW 1; global symbol: g_tToken|1-0
35542|data|DCW 3; dlopen@@GLIBC_2.4|3-0
35544|data|DCW 1; global symbol: g_pFcnList|1-0
35546|data|DCW 2; textdomain@@GLIBC_2.4|2-0
35548|data|DCW 2; __sprintf_chk@@GLIBC_2.4|2-0
35550|data|DCW 2; abort@@GLIBC_2.4|2-0
35552|data|DCW 1; global symbol: logCmdHelp|1-0
35554|data|DCW 1; global symbol: useUnicode|1-0
35556|data|DCW 2; strlen@@GLIBC_2.4|2-0
35558|data|DCW 2; getopt_long@@GLIBC_2.4|2-0
35560|data|DCW 2; dcgettext@@GLIBC_2.4|2-0
35562|data|DCW 1; global symbol: __end__|1-0
35564|data|DCW 1; global symbol: g_pszSoLib|1-0
35566|data|DCW 2; memset@@GLIBC_2.4|2-0
35568|data|DCW 2; strncpy@@GLIBC_2.4|2-0
35570|data|DCW 2; memcpy@@GLIBC_2.4|2-0
35572|data|DCW 2; __strncpy_chk@@GLIBC_2.4|2-0
35574|data|DCW 3; dlsym@@GLIBC_2.4|3-0
35576|data|DCW 2; strncmp@@GLIBC_2.4|2-0
35578|data|DCW 1; global symbol: __bss_start|1-0
35580|data|DCW 1; global symbol: _end|1-0
35582|data|DCW 3; dlerror@@GLIBC_2.4|3-0
35584|data|DCW 2; strcmp@@GLIBC_2.4|2-0
35586|data|DCW 2; fgets@@GLIBC_2.4|2-0
35588|data|DCW 1; global symbol: g_bInit|1-0
35590|data|DCW 2; bindtextdomain@@GLIBC_2.4|2-0
35592|data|DCW 2; __stack_chk_fail@@GLIBC_2.4|2-0
35594|data|DCW 1; global symbol: iLogLevel|1-0
35596|data|DCW 1; global symbol: _edata|1-0
35598|data|DCW 1; global symbol: g_pSoLib|1-0
35600|data|DCW 2; __vfprintf_chk@@GLIBC_2.4|2-0
35602|data|DCW 2; calloc@@GLIBC_2.4|2-0
35604|data|DCW 1; global symbol: __bss_end__|1-0
35606|data|DCW 1; global symbol: _init|1-0
35608|data|DCW 1; global symbol: g_tSlotId|1-0
35610|data|DCW 1; global symbol: __bss_start__|1-0
35612|data|Elf32_Verneed <1, 1, aLdLinuxArmhfSo - byte_8858, 0x10, 0x20>; "ld-linux-armhf.so.3"|1-0-1-0-130-1-0-0-16-0-0-0-32-0-0-0
35628|data|Elf32_Vernaux <0xD696914, 0, 4, aGlibc24 - byte_8858, 0>; "GLIBC_2.4"|20-105-105-13-0-0-4-0-73-2-0-0-0-0-0-0
35644|data|Elf32_Verneed <1, 1, aLibdlSo2 - byte_8858, 0x10, 0x20>; "libdl.so.2"|1-0-1-0-85-0-0-0-16-0-0-0-32-0-0-0
35660|data|Elf32_Vernaux <0xD696914, 0, 3, aGlibc24 - byte_8858, 0>; "GLIBC_2.4"|20-105-105-13-0-0-3-0-73-2-0-0-0-0-0-0
35676|data|Elf32_Verneed <1, 1, aLibcSo6 - byte_8858, 0x10, 0>; "libc.so.6"|1-0-1-0-125-0-0-0-16-0-0-0-0-0-0-0
35692|data|Elf32_Vernaux <0xD696914, 0, 2, aGlibc24 - byte_8858, 0>; "GLIBC_2.4"|20-105-105-13-0-0-2-0-73-2-0-0-0-0-0-0
35708|data|Elf32_Rel <0x14084, 0x115>; R_ARM_GLOB_DAT __gmon_start__|132-64-1-0-21-1-0-0
35716|data|Elf32_Rel <0x140A4, 0xE15>; R_ARM_GLOB_DAT __stack_chk_guard|164-64-1-0-21-14-0-0
35724|data|Elf32_Rel <0x140D8, 0xE14>; R_ARM_COPY __stack_chk_guard|216-64-1-0-20-14-0-0
35732|data|Elf32_Rel <0x140AC, 0x315>; R_ARM_GLOB_DAT stdin|172-64-1-0-21-3-0-0
35740|data|Elf32_Rel <0x140B4, 0x415>; R_ARM_GLOB_DAT stdout|180-64-1-0-21-4-0-0
35748|data|Elf32_Rel <0x140BC, 0x515>; R_ARM_GLOB_DAT stderr|188-64-1-0-21-5-0-0
35756|data|Elf32_Rel <0x140C0, 0x615>; R_ARM_GLOB_DAT optarg|192-64-1-0-21-6-0-0
35764|data|Elf32_Rel <0x1400C, 0x1916>; R_ARM_JUMP_SLOT abort|12-64-1-0-22-25-0-0
35772|data|Elf32_Rel <0x14010, 0x1316>; R_ARM_JUMP_SLOT __libc_start_main|16-64-1-0-22-19-0-0
35780|data|Elf32_Rel <0x14014, 0x116>; R_ARM_JUMP_SLOT __gmon_start__|20-64-1-0-22-1-0-0
35788|data|Elf32_Rel <0x14018, 0x2216>; R_ARM_JUMP_SLOT strncpy|24-64-1-0-22-34-0-0
35796|data|Elf32_Rel <0x1401C, 0x916>; R_ARM_JUMP_SLOT getpass|28-64-1-0-22-9-0-0
35804|data|Elf32_Rel <0x14020, 0x2B16>; R_ARM_JUMP_SLOT fgets|32-64-1-0-22-43-0-0
35812|data|Elf32_Rel <0x14024, 0x3316>; R_ARM_JUMP_SLOT calloc|36-64-1-0-22-51-0-0
35820|data|Elf32_Rel <0x14028, 0xF16>; R_ARM_JUMP_SLOT dlclose|40-64-1-0-22-15-0-0
35828|data|Elf32_Rel <0x1402C, 0x2116>; R_ARM_JUMP_SLOT memset|44-64-1-0-22-33-0-0
35836|data|Elf32_Rel <0x14030, 0x2D16>; R_ARM_JUMP_SLOT bindtextdomain|48-64-1-0-22-45-0-0
35844|data|Elf32_Rel <0x14034, 0x2416>; R_ARM_JUMP_SLOT __strncpy_chk|52-64-1-0-22-36-0-0
35852|data|Elf32_Rel <0x14038, 0x1516>; R_ARM_JUMP_SLOT dlopen|56-64-1-0-22-21-0-0
35860|data|Elf32_Rel <0x1403C, 0x1216>; R_ARM_JUMP_SLOT free|60-64-1-0-22-18-0-0
35868|data|Elf32_Rel <0x14040, 0x1D16>; R_ARM_JUMP_SLOT getopt_long|64-64-1-0-22-29-0-0
35876|data|Elf32_Rel <0x14044, 0x1E16>; R_ARM_JUMP_SLOT dcgettext|68-64-1-0-22-30-0-0
35884|data|Elf32_Rel <0x14048, 0x1C16>; R_ARM_JUMP_SLOT strlen|72-64-1-0-22-28-0-0
35892|data|Elf32_Rel <0x1404C, 0xA16>; R_ARM_JUMP_SLOT Trspi_Native_To_UNICODE|76-64-1-0-22-10-0-0
35900|data|Elf32_Rel <0x14050, 0x2316>; R_ARM_JUMP_SLOT memcpy|80-64-1-0-22-35-0-0
35908|data|Elf32_Rel <0x14054, 0x716>; R_ARM_JUMP_SLOT setlocale|84-64-1-0-22-7-0-0
35916|data|Elf32_Rel <0x14058, 0x3216>; R_ARM_JUMP_SLOT __vfprintf_chk|88-64-1-0-22-50-0-0
35924|data|Elf32_Rel <0x1405C, 0x816>; R_ARM_JUMP_SLOT malloc|92-64-1-0-22-8-0-0
35932|data|Elf32_Rel <0x14060, 0x2E16>; R_ARM_JUMP_SLOT __stack_chk_fail|96-64-1-0-22-46-0-0
35940|data|Elf32_Rel <0x14064, 0x2916>; R_ARM_JUMP_SLOT dlerror|100-64-1-0-22-41-0-0
35948|data|Elf32_Rel <0x14068, 0xC16>; R_ARM_JUMP_SLOT strcat|104-64-1-0-22-12-0-0
35956|data|Elf32_Rel <0x1406C, 0x1716>; R_ARM_JUMP_SLOT textdomain|108-64-1-0-22-23-0-0
35964|data|Elf32_Rel <0x14070, 0x1816>; R_ARM_JUMP_SLOT __sprintf_chk|112-64-1-0-22-24-0-0
35972|data|Elf32_Rel <0x14074, 0x2616>; R_ARM_JUMP_SLOT strncmp|116-64-1-0-22-38-0-0
35980|data|Elf32_Rel <0x14078, 0xB16>; R_ARM_JUMP_SLOT __strdup|120-64-1-0-22-11-0-0
35988|data|Elf32_Rel <0x1407C, 0x2A16>; R_ARM_JUMP_SLOT strcmp|124-64-1-0-22-42-0-0
35996|data|Elf32_Rel <0x14080, 0x2516>; R_ARM_JUMP_SLOT dlsym|128-64-1-0-22-37-0-0
36004|code|PUSH            {R3,LR}; _init|8-181
36006|code|BL              sub_9010|0-240-179-249
36010|code|NOP|0-191
36012|code|POP             {R3,PC}|8-189
36014|data|DCW 0|0-0
36016|code|PUSH            {LR}|4-224-45-229
36020|code|LDR             LR, =(_GLOBAL_OFFSET_TABLE_ - 0x8CC0)|4-224-159-229
36024|code|ADD             LR, PC, LR; _GLOBAL_OFFSET_TABLE_|14-224-143-224
36028|code|LDR             PC, [LR,#8]!|8-240-190-229
36032|data|DCD _GLOBAL_OFFSET_TABLE_ - 0x8CC0|64-179-0-0
36036|code|ADR             R12, 0x8CCC|0-198-143-226
36040|code|ADD             R12, R12, #0xB000|11-202-140-226
36044|code|LDR             PC, [R12,#(abort_ptr - 0x13CCC)]!; __imp_abort|64-243-188-229
36048|code|ADR             R12, 0x8CD8|0-198-143-226
36052|code|ADD             R12, R12, #0xB000|11-202-140-226
36056|code|LDR             PC, [R12,#(__libc_start_main_ptr - 0x13CD8)]!; __imp___libc_start_main|56-243-188-229
36060|code|BX              PC|120-71
36062|data|ALIGN 4|192-70
36064|code|ADR             R12, 0x8CE8|0-198-143-226
36068|code|ADD             R12, R12, #0xB000|11-202-140-226
36072|code|LDR             PC, [R12,#(__gmon_start___ptr - 0x13CE8)]!; __imp___gmon_start__|44-243-188-229
36076|code|ADR             R12, 0x8CF4|0-198-143-226
36080|code|ADD             R12, R12, #0xB000|11-202-140-226
36084|code|LDR             PC, [R12,#(strncpy_ptr - 0x13CF4)]!; __imp_strncpy|36-243-188-229
36088|code|ADR             R12, 0x8D00|0-198-143-226
36092|code|ADD             R12, R12, #0xB000|11-202-140-226
36096|code|LDR             PC, [R12,#(getpass_ptr - 0x13D00)]!; __imp_getpass|28-243-188-229
36100|code|ADR             R12, 0x8D0C|0-198-143-226
36104|code|ADD             R12, R12, #0xB000|11-202-140-226
36108|code|LDR             PC, [R12,#(fgets_ptr - 0x13D0C)]!; __imp_fgets|20-243-188-229
36112|code|ADR             R12, 0x8D18|0-198-143-226
36116|code|ADD             R12, R12, #0xB000|11-202-140-226
36120|code|LDR             PC, [R12,#(calloc_ptr - 0x13D18)]!; __imp_calloc|12-243-188-229
36124|code|ADR             R12, 0x8D24|0-198-143-226
36128|code|ADD             R12, R12, #0xB000|11-202-140-226
36132|code|LDR             PC, [R12,#(dlclose_ptr - 0x13D24)]!; __imp_dlclose|4-243-188-229
36136|code|ADR             R12, 0x8D30|0-198-143-226
36140|code|ADD             R12, R12, #0xB000|11-202-140-226
36144|code|LDR             PC, [R12,#(memset_ptr - 0x13D30)]!; __imp_memset|252-242-188-229
36148|code|ADR             R12, 0x8D3C|0-198-143-226
36152|code|ADD             R12, R12, #0xB000|11-202-140-226
36156|code|LDR             PC, [R12,#(bindtextdomain_ptr - 0x13D3C)]!; __imp_bindtextdomain|244-242-188-229
36160|code|ADR             R12, 0x8D48|0-198-143-226
36164|code|ADD             R12, R12, #0xB000|11-202-140-226
36168|code|LDR             PC, [R12,#(__strncpy_chk_ptr - 0x13D48)]!; __imp___strncpy_chk|236-242-188-229
36172|code|ADR             R12, 0x8D54|0-198-143-226
36176|code|ADD             R12, R12, #0xB000|11-202-140-226
36180|code|LDR             PC, [R12,#(dlopen_ptr - 0x13D54)]!; __imp_dlopen|228-242-188-229
36184|code|BX              PC|120-71
36186|data|ALIGN 4|192-70
36188|code|ADR             R12, 0x8D64|0-198-143-226
36192|code|ADD             R12, R12, #0xB000|11-202-140-226
36196|code|LDR             PC, [R12,#(free_ptr - 0x13D64)]!; __imp_free|216-242-188-229
36200|code|ADR             R12, 0x8D70|0-198-143-226
36204|code|ADD             R12, R12, #0xB000|11-202-140-226
36208|code|LDR             PC, [R12,#(getopt_long_ptr - 0x13D70)]!; __imp_getopt_long|208-242-188-229
36212|code|ADR             R12, 0x8D7C|0-198-143-226
36216|code|ADD             R12, R12, #0xB000|11-202-140-226
36220|code|LDR             PC, [R12,#(dcgettext_ptr - 0x13D7C)]!; __imp_dcgettext|200-242-188-229
36224|code|ADR             R12, 0x8D88|0-198-143-226
36228|code|ADD             R12, R12, #0xB000|11-202-140-226
36232|code|LDR             PC, [R12,#(strlen_ptr - 0x13D88)]!; __imp_strlen|192-242-188-229
36236|code|ADR             R12, 0x8D94|0-198-143-226
36240|code|ADD             R12, R12, #0xB000|11-202-140-226
36244|code|LDR             PC, [R12,#(Trspi_Native_To_UNICODE_ptr - 0x13D94)]!; __imp_Trspi_Native_To_UNICODE|184-242-188-229
36248|code|ADR             R12, 0x8DA0|0-198-143-226
36252|code|ADD             R12, R12, #0xB000|11-202-140-226
36256|code|LDR             PC, [R12,#(memcpy_ptr - 0x13DA0)]!; __imp_memcpy|176-242-188-229
36260|code|ADR             R12, 0x8DAC|0-198-143-226
36264|code|ADD             R12, R12, #0xB000|11-202-140-226
36268|code|LDR             PC, [R12,#(setlocale_ptr - 0x13DAC)]!; __imp_setlocale|168-242-188-229
36272|code|ADR             R12, 0x8DB8|0-198-143-226
36276|code|ADD             R12, R12, #0xB000|11-202-140-226
36280|code|LDR             PC, [R12,#(__vfprintf_chk_ptr - 0x13DB8)]!; __imp___vfprintf_chk|160-242-188-229
36284|code|ADR             R12, 0x8DC4|0-198-143-226
36288|code|ADD             R12, R12, #0xB000|11-202-140-226
36292|code|LDR             PC, [R12,#(malloc_ptr - 0x13DC4)]!; __imp_malloc|152-242-188-229
36296|code|ADR             R12, 0x8DD0|0-198-143-226
36300|code|ADD             R12, R12, #0xB000|11-202-140-226
36304|code|LDR             PC, [R12,#(__stack_chk_fail_ptr - 0x13DD0)]!; __imp___stack_chk_fail|144-242-188-229
36308|code|ADR             R12, 0x8DDC|0-198-143-226
36312|code|ADD             R12, R12, #0xB000|11-202-140-226
36316|code|LDR             PC, [R12,#(dlerror_ptr - 0x13DDC)]!; __imp_dlerror|136-242-188-229
36320|code|ADR             R12, 0x8DE8|0-198-143-226
36324|code|ADD             R12, R12, #0xB000|11-202-140-226
36328|code|LDR             PC, [R12,#(strcat_ptr - 0x13DE8)]!; __imp_strcat|128-242-188-229
36332|code|BX              PC|120-71
36334|data|ALIGN 4|192-70
36336|code|ADR             R12, 0x8DF8|0-198-143-226
36340|code|ADD             R12, R12, #0xB000|11-202-140-226
36344|code|LDR             PC, [R12,#(textdomain_ptr - 0x13DF8)]!; __imp_textdomain|116-242-188-229
36348|code|ADR             R12, 0x8E04|0-198-143-226
36352|code|ADD             R12, R12, #0xB000|11-202-140-226
36356|code|LDR             PC, [R12,#(__sprintf_chk_ptr - 0x13E04)]!; __imp___sprintf_chk|108-242-188-229
36360|code|ADR             R12, 0x8E10|0-198-143-226
36364|code|ADD             R12, R12, #0xB000|11-202-140-226
36368|code|LDR             PC, [R12,#(strncmp_ptr - 0x13E10)]!; __imp_strncmp|100-242-188-229
36372|code|ADR             R12, 0x8E1C|0-198-143-226
36376|code|ADD             R12, R12, #0xB000|11-202-140-226
36380|code|LDR             PC, [R12,#(__strdup_ptr - 0x13E1C)]!; __imp___strdup|92-242-188-229
36384|code|ADR             R12, 0x8E28|0-198-143-226
36388|code|ADD             R12, R12, #0xB000|11-202-140-226
36392|code|LDR             PC, [R12,#(strcmp_ptr - 0x13E28)]!; __imp_strcmp|84-242-188-229
36396|code|ADR             R12, 0x8E34|0-198-143-226
36400|code|ADD             R12, R12, #0xB000|11-202-140-226
36404|code|LDR             PC, [R12,#(dlsym_ptr - 0x13E34)]!; __imp_dlsym|76-242-188-229
36408|code|SVCMI           0xF0E92D|45-233-240-79
36412|code|MRRCMI          p0, 8, R11,R12,c7|135-176-92-76
36416|code|ADCLT           R10, R6, R2,LSL#30|2-175-166-176
36420|code|STRMI           R4, [SP],-R6,LSL#12|6-70-13-70
36424|data|DCD 0xF10D6823, 0xB0A40908, 0xB00F04F, 0xB008F8C7, 0xA08F10D|35-104-13-241-8-9-164-176-79-240-0-11-199-248-8-176-13-241-8-10-251-96-1-240-71-254-48-70-41-70-0-240-39-249-1-48-8-208-223-248-100-129-216-248-0-0-0-240-35-250-6-70-0-40-37-208-79-240-1-8-94-70-48-70-1-240-194-255-88-70-1-240-191-255-184-104-184-185-0-240-193-251-184-241-0-15-13-208-68-72-41-104-1-240-220-252-250-104-64-70-35-104-154-66-123-209-7-241-20-7-189-70-189-232-240-143-41-104-62-72-1-240-206-252-240-231-0-240-49-252-228-231-1-240-110-252-3-70-56-185-155-70-57-72-1-240-254-252-94-70-79-240-1-8-208-231-2-32-7-241-8-1-0-240-243-251-131-70-0-40-66-209-216-248-4-48-1-70-49-72-0-43-20-191-0-35-1-35-123-96-47-75-24-191-24-70-1-240-226-255-6-70-0-40-51-208-184-104-50-70-121-104-0-240-74-252-64-187-216-248-4-48-0-43-45-208-1-240-81-252-128-70-1-240-94-252-1-33-144-34-35-75-205-248-0-128-1-144-72-70-255-247-92-239-14-224-184-104-49-70-90-70-0-240-131-252-64-179-161-56-1-40-12-216-28-72-1-240-98-252-88-70-1-240-85-255-72-70-1-33-1-240-179-255-131-70-0-40-233-209-79-240-1-8-133-231-179-70-128-231-131-70-79-240-1-8-127-231-1-240-35-252-209-70-128-70-1-240-47-252-1-33-132-34-14-75-205-248-0-128-1-144-80-70-255-247-44-239-223-231-128-70-109-231-255-247-14-239-0-191-216-64-1-0-80-178-0-0-64-178-0-0-220-176-0-0-188-176-0-0-144-176-0-0-12-177-0-0-8-178-0-0-144-177-0-0-224-64-1-0
36824|code|MOV.W           R11, #0|79-240-0-11
36828|code|MOV.W           LR, #0|79-240-0-14
36832|code|POP.W           {R1}; argc|93-248-4-27
36836|code|MOV             R2, SP; ubp_av|106-70
36838|code|PUSH.W          {R2}; stack_end|77-248-4-45
36842|code|PUSH.W          {R0}; rtld_fini|77-248-4-13
36846|code|LDR.W           R12, =(nullsub_1+1)|223-248-20-192
36850|code|PUSH.W          {R12}; fini|77-248-4-205
36854|code|LDR             R0, =(loc_8E38+1); main|4-72
36856|code|LDR             R3, =(sub_AF80+1); init|4-75
36858|code|BLX             __libc_start_main|255-247-106-238
36862|code|BLX             abort|255-247-98-238
36866|data|ALIGN 4|0-0
36868|data|DCD nullsub_1+1|197-175-0-0
36872|data|DCD loc_8E38+1|57-142-0-0
36876|data|DCD sub_AF80+1|129-175-0-0
36880|code|LDR             R3, =(_GLOBAL_OFFSET_TABLE_ - 0x9018)|3-75
36882|code|LDR             R2, =(__gmon_start___ptr_0 - 0x14000)|4-74
36884|code|ADD             R3, PC; _GLOBAL_OFFSET_TABLE_|123-68
36886|code|LDR             R3, [R3,R2]; __imp___gmon_start__|155-88
36888|code|CBZ             R3, locret_901E|11-177
36890|code|B.W             j___gmon_start__|255-247-95-190
36894|code|BX              LR|112-71
36896|data|DCD _GLOBAL_OFFSET_TABLE_ - 0x9018|232-175-0-0
36900|data|DCD __gmon_start___ptr_0 - 0x14000|132-0-0-0
36904|code|LDR             R3, =byte_140DC|2-75
36906|code|LDRB            R2, [R3]|26-120
36908|code|CBNZ            R2, locret_9032|10-185
36910|code|MOVS            R2, #1|1-34
36912|code|STRB            R2, [R3]|26-112
36914|code|BX              LR|112-71
36916|data|DCD byte_140DC|220-64-1-0
36920|code|LDR             R0, =dword_13EB4|3-72
36922|code|PUSH            {R3,LR}|8-181
36924|code|LDR             R3, [R0]|3-104
36926|code|CBZ             R3, locret_9046|19-177
36928|code|LDR             R3, =0|2-75
36930|code|CBZ             R3, locret_9046|3-177
36932|code|BLX             R3|152-71
36934|code|POP             {R3,PC}|8-189
36936|data|DCD dword_13EB4|180-62-1-0
36940|data|DCD 0|0-0-0-0
36944|code|PUSH            {R3,LR}|8-181
36946|code|BL              logCmdHelp|1-240-5-253
36950|code|MOVW            R0, #0xAFF4|74-246-244-112
36954|code|MOVW            R1, #0xB008|75-242-8-1
36958|code|MOVT.W          R0, #0|192-242-0-0
36962|code|MOVT.W          R1, #0|192-242-0-1
36966|code|BL              sub_A98C|1-240-145-252
36970|code|MOVW            R0, #0xB04C|75-242-76-0
36974|code|MOVW            R1, #0xB064|75-242-100-1
36978|code|MOVT.W          R0, #0|192-242-0-0
36982|code|MOVT.W          R1, #0|192-242-0-1
36986|code|POP.W           {R3,LR}|189-232-8-64
36990|code|B.W             sub_A98C|1-240-133-188
36994|data|ALIGN 4|0-191
36996|code|CMP             R0, #0x6B ; 'k'|107-40
36998|code|PUSH            {R3,LR}|8-181
37000|code|BEQ             loc_9092|3-208
37002|code|CMP             R0, #0x73 ; 's'|115-40
37004|code|BEQ             loc_90A4|10-208
37006|code|MOVS            R0, #0|0-32
37008|code|POP             {R3,PC}|8-189
37010|code|CBZ             R1, loc_90AE|97-177
37012|code|MOV             R0, R1|8-70
37014|code|BLX             __strdup|255-247-190-238
37018|code|LDR             R3, =dword_140E0|6-75
37020|code|MOV             R2, R0|2-70
37022|code|MOVS            R0, #0|0-32
37024|code|STR             R2, [R3]|26-96
37026|code|POP             {R3,PC}|8-189
37028|code|LDR             R3, =dword_140E0|3-75
37030|code|MOVS            R2, #1|1-34
37032|code|MOVS            R0, #0|0-32
37034|code|STR             R2, [R3,#(dword_140E4 - 0x140E0)]|90-96
37036|code|POP             {R3,PC}|8-189
37038|code|MOV.W           R0, #0xFFFFFFFF|79-240-255-48
37042|code|POP             {R3,PC}|8-189
37044|data|DCD dword_140E0|224-64-1-0
37048|code|PUSH            {R4-R7,LR}|240-181
37050|code|MOV             R4, #0xAFD4|74-246-212-116-192-242-0-4
37058|code|MOV             LR, R0|134-70
37060|code|MOV             R7, R1|15-70
37062|code|SUB             SP, SP, #0x34 ; '4'|141-176
37064|code|LDM             R4!, {R0-R3}; "token"|15-204
37066|code|ADD             R5, SP, #0x10|4-173
37068|code|MOV.W           R12, #2|79-240-2-12
37072|code|STR.W           R12, [SP]|205-248-0-192
37076|code|MOV             R6, #0xB08C|75-242-140-6-192-242-0-6
37084|code|STM             R5!, {R0-R3}|15-197
37086|code|MOV             R3, #0x9085|73-242-133-3-192-242-0-3
37094|code|STR             R3, [SP,#4]|1-147
37096|code|LDM.W           R4, {R0-R3}; "security-officer"|148-232-15-0
37100|code|MOV             R4, #0x9051|73-242-81-4-192-242-0-4
37108|code|STR             R4, [SP,#8]|2-148
37110|code|STM.W           R5, {R0-R3}|133-232-15-0
37114|code|MOV             R0, LR|112-70
37116|code|MOV             R1, R7|57-70
37118|code|MOV             R2, R6|50-70
37120|code|ADD             R3, SP, #0x10|4-171
37122|code|BL              sub_AB20|1-240-13-253
37126|code|ADD             SP, SP, #0x34 ; '4'|13-176
37128|code|POP             {R4-R7,PC}|240-189
37130|data|ALIGN 4|0-191
37132|code|MOV             R1, R0|1-70
37134|code|LDR             R0, =(aSSuccess - 0x9114); "%s success\n"|2-72
37136|code|ADD             R0, PC; "%s success\n"|120-68
37138|code|B.W             sub_A89C|1-240-195-187
37142|data|ALIGN 4|0-191
37144|data|DCD aSSuccess - 0x9114; "%s success\n"|220-33-0-0
37148|code|MOV             R2, R1|10-70
37150|code|MOV             R1, R0|1-70
37152|code|LDR             R0, =(aSFailed0x08xLd - 0x9128); "%s failed: 0x%08x (%ld)\n"|2-72
37154|code|MOV             R3, R2|19-70
37156|code|ADD             R0, PC; "%s failed: 0x%08x (%ld)\n"|120-68
37158|code|B.W             sub_A824|1-240-125-187
37162|data|ALIGN 4|0-191
37164|data|DCD aSFailed0x08xLd - 0x9128; "%s failed: 0x%08x (%ld)\n"|212-33-0-0
37168|code|CBZ             R1, loc_9136|9-177
37170|code|B.W             loc_911C|255-247-243-191
37174|code|B.W             loc_910C|255-247-233-191
37178|data|ALIGN 4|0-191
37180|code|RSBS.W          R3, R1, #1|209-241-1-3
37184|code|IT CC|56-191
37186|code|MOVCC           R3, #0|0-35
37188|code|CMP             R1, R2|145-66
37190|code|IT EQ|8-191
37192|code|ORREQ.W         R3, R3, #1|67-240-1-3
37196|code|CBNZ            R3, loc_9152|11-185
37198|code|B.W             loc_911C|255-247-229-191
37202|code|B.W             loc_910C|255-247-219-191
37206|data|ALIGN 4|0-191
37208|code|LDR             R3, =(_GLOBAL_OFFSET_TABLE_ - 0x9162)|32-75
37210|code|MOVS            R1, #0; c|0-33
37212|code|PUSH            {R4,R5,LR}|48-181
37214|code|ADD             R3, PC; _GLOBAL_OFFSET_TABLE_|123-68
37216|code|LDR             R5, =(__stack_chk_guard_ptr - 0x14000)|31-77
37218|code|SUB             SP, SP, #0x74|157-176
37220|code|MOV             R4, R0|4-70
37222|code|MOVS            R2, #0x41 ; 'A'; n|65-34
37224|code|ADD             R0, SP, #0x80+s; s|1-168
37226|code|LDR             R5, [R3,R5]; __stack_chk_guard|93-89
37228|code|LDR             R3, [R5]|43-104
37230|code|STR             R3, [SP,#0x80+var_14]|27-147
37232|code|BLX             memset|255-247-218-237
37236|code|MOVS            R2, #0x40 ; '@'; n|64-34
37238|code|MOV             R1, R4; src|33-70
37240|code|ADD             R0, SP, #0x80+s; dest|1-168
37242|code|MOVS            R3, #0|0-35
37244|code|STR             R3, [SP,#0x80+dest]|18-147
37246|code|STR             R3, [SP,#0x80+var_34]|19-147
37248|code|STR             R3, [SP,#0x80+var_30]|20-147
37250|code|STR             R3, [SP,#0x80+var_2C]|21-147
37252|code|STR             R3, [SP,#0x80+var_28]|22-147
37254|code|STR             R3, [SP,#0x80+var_24]|23-147
37256|code|STR             R3, [SP,#0x80+var_20]|24-147
37258|code|STR             R3, [SP,#0x80+var_1C]|25-147
37260|code|STRB.W          R3, [SP,#0x80+var_18]|141-248-104-48
37264|code|BLX             strncpy|255-247-172-237
37268|code|MOVS            R2, #0x20 ; ' '; n|32-34
37270|code|ADD.W           R1, R4, #0x40 ; '@'; src|4-241-64-1
37274|code|ADD             R0, SP, #0x80+dest; dest|18-168
37276|code|BLX             strncpy|255-247-166-237
37280|code|LDR             R0, =(aSlotDescriptio - 0x91A8); "Slot description: %s\n"|16-72
37282|code|ADD             R1, SP, #0x80+s|1-169
37284|code|ADD             R0, PC; "Slot description: %s\n"|120-68
37286|code|BL              sub_A89C|1-240-121-251
37290|code|LDR             R0, =(aSlotManufactur - 0x91B2); "Slot manufacturer: %s\n"|15-72
37292|code|ADD             R1, SP, #0x80+dest|18-169
37294|code|ADD             R0, PC; "Slot manufacturer: %s\n"|120-68
37296|code|BL              sub_A89C|1-240-116-251
37300|code|LDR             R3, [R4,#0x60]|35-110
37302|code|LSLS            R3, R3, #0x1F|219-7
37304|code|BMI             loc_91CE|9-212
37306|code|LDR             R0, =(aTokenIsNotPres - 0x91C0); "Token is not present\n"|12-72
37308|code|ADD             R0, PC; "Token is not present\n"|120-68
37310|code|BL              sub_A89C|1-240-109-251
37314|code|LDR             R2, [SP,#0x80+var_14]|27-154
37316|code|LDR             R3, [R5]|43-104
37318|code|CMP             R2, R3|154-66
37320|code|BNE             loc_91D8|6-209
37322|code|ADD             SP, SP, #0x74 ; 't'|29-176
37324|code|POP             {R4,R5,PC}|48-189
37326|code|LDR             R0, =(aTokenIsPresent - 0x91D4); "Token is present\n"|8-72
37328|code|ADD             R0, PC; "Token is present\n"|120-68
37330|code|BL              sub_A89C|1-240-99-251
37334|code|B               loc_91C2|244-231
37336|code|BLX             __stack_chk_fail|255-247-246-237
37340|data|DCD _GLOBAL_OFFSET_TABLE_ - 0x9162|158-174-0-0
37344|data|DCD __stack_chk_guard_ptr - 0x14000|164-0-0-0
37348|data|DCD aSlotDescriptio - 0x91A8; "Slot description: %s\n"|112-33-0-0
37352|data|DCD aSlotManufactur - 0x91B2; "Slot manufacturer: %s\n"|126-33-0-0
37356|data|DCD aTokenIsNotPres - 0x91C0; "Token is not present\n"|220-35-0-0
37360|data|DCD aTokenIsPresent - 0x91D4; "Token is present\n"|116-33-0-0
37364|code|PUSH            {R4-R6,LR}|112-181
37366|code|SUB             SP, SP, #0x60|152-176
37368|code|LDR             R6, =(_GLOBAL_OFFSET_TABLE_ - 0x9204)|42-78
37370|code|MOV             R4, R0|4-70
37372|code|LDR             R5, =(__stack_chk_guard_ptr - 0x14000)|42-77
37374|code|MOV             R1, R0; src|1-70
37376|code|ADD             R6, PC; _GLOBAL_OFFSET_TABLE_|126-68
37378|code|MOVS            R2, #0x20 ; ' '; n|32-34
37380|code|MOV             R0, SP; dest|104-70
37382|code|MOVS            R3, #0|0-35
37384|code|LDR             R5, [R6,R5]; __stack_chk_guard|117-89
37386|code|STR             R3, [SP,#0x70+var_70]|0-147
37388|code|STR             R3, [SP,#0x70+var_6C]|1-147
37390|code|LDR             R6, [R5]|46-104
37392|code|STR             R3, [SP,#0x70+var_68]|2-147
37394|code|STR             R3, [SP,#0x70+var_64]|3-147
37396|code|STR             R3, [SP,#0x70+var_60]|4-147
37398|code|STR             R3, [SP,#0x70+var_5C]|5-147
37400|code|STR             R3, [SP,#0x70+var_58]|6-147
37402|code|STR             R3, [SP,#0x70+var_54]|7-147
37404|code|STRB.W          R3, [SP,#0x70+var_50]|141-248-32-48
37408|code|STR             R3, [SP,#0x70+dest]|9-147
37410|code|STR             R3, [SP,#0x70+var_48]|10-147
37412|code|STR             R3, [SP,#0x70+var_44]|11-147
37414|code|STR             R3, [SP,#0x70+var_40]|12-147
37416|code|STR             R3, [SP,#0x70+var_3C]|13-147
37418|code|STR             R3, [SP,#0x70+var_38]|14-147
37420|code|STR             R3, [SP,#0x70+var_34]|15-147
37422|code|STR             R3, [SP,#0x70+var_30]|16-147
37424|code|STRB.W          R3, [SP,#0x70+var_2C]|141-248-68-48
37428|code|STR             R3, [SP,#0x70+var_28]|18-147
37430|code|STR             R3, [SP,#0x70+var_24]|19-147
37432|code|STR             R3, [SP,#0x70+var_20]|20-147
37434|code|STR             R3, [SP,#0x70+var_1C]|21-147
37436|code|STRB.W          R3, [SP,#0x70+var_18]|141-248-88-48
37440|code|STR             R6, [SP,#0x70+var_14]|23-150
37442|code|BLX             strncpy|255-247-84-237
37446|code|MOVS            R2, #0x20 ; ' '; n|32-34
37448|code|ADD.W           R1, R4, #0x20 ; ' '; src|4-241-32-1
37452|code|ADD             R0, SP, #0x70+dest; dest|9-168
37454|code|BLX             strncpy|255-247-78-237
37458|code|MOVS            R2, #0x10; n|16-34
37460|code|ADD.W           R1, R4, #0x40 ; '@'; src|4-241-64-1
37464|code|ADD             R0, SP, #0x70+var_28; dest|18-168
37466|code|BLX             strncpy|255-247-72-237
37470|code|LDR             R0, =(aTokenLabelS - 0x9266); "Token Label: %s\n"|19-72
37472|code|MOV             R1, SP|105-70
37474|code|ADD             R0, PC; "Token Label: %s\n"|120-68
37476|code|BL              sub_A89C|1-240-26-251
37480|code|LDR             R0, =(aTokenManufactu - 0x9270); "Token manufacturer: %s\n"|17-72
37482|code|ADD             R1, SP, #0x70+dest|9-169
37484|code|ADD             R0, PC; "Token manufacturer: %s\n"|120-68
37486|code|BL              sub_A89C|1-240-21-251
37490|code|LDR             R0, =(aTokenModelS - 0x927A); "Token model: %s\n"|16-72
37492|code|ADD             R1, SP, #0x70+var_28|18-169
37494|code|ADD             R0, PC; "Token model: %s\n"|120-68
37496|code|BL              sub_A89C|1-240-16-251
37500|code|LDR             R3, [R4,#0x60]|35-110
37502|code|LSLS            R2, R3, #0x15|90-5
37504|code|BMI             loc_9296|9-212
37506|code|LDR             R0, =(aTokenIsNotInit - 0x9288); "Token is not initialized\n"|13-72
37508|code|ADD             R0, PC; "Token is not initialized\n"|120-68
37510|code|BL              sub_A89C|1-240-9-251
37514|code|LDR             R2, [SP,#0x70+var_14]|23-154
37516|code|LDR             R3, [R5]|43-104
37518|code|CMP             R2, R3|154-66
37520|code|BNE             loc_92A0|6-209
37522|code|ADD             SP, SP, #0x60 ; '`'|24-176
37524|code|POP             {R4-R6,PC}|112-189
37526|code|LDR             R0, =(aTokenIsInitial - 0x929C); "Token is initialized\n"|9-72
37528|code|ADD             R0, PC; "Token is initialized\n"|120-68
37530|code|BL              sub_A89C|1-240-255-250
37534|code|B               loc_928A|244-231
37536|code|BLX             __stack_chk_fail|255-247-146-237
37540|data|DCD _GLOBAL_OFFSET_TABLE_ - 0x9204|252-173-0-0
37544|data|DCD __stack_chk_guard_ptr - 0x14000|164-0-0-0
37548|data|DCD aTokenLabelS - 0x9266; "Token Label: %s\n"|246-32-0-0
37552|data|DCD aTokenManufactu - 0x9270; "Token manufacturer: %s\n"|0-33-0-0
37556|data|DCD aTokenModelS - 0x927A; "Token model: %s\n"|14-33-0-0
37560|data|DCD aTokenIsNotInit - 0x9288; "Token is not initialized\n"|44-33-0-0
37564|data|DCD aTokenIsInitial - 0x929C; "Token is initialized\n"|0-33-0-0
37568|code|PUSH.W          {R4-R11,LR}|45-233-240-79
37572|code|SUB             SP, SP, #0x14C|211-176
37574|code|LDR             R4, =(_GLOBAL_OFFSET_TABLE_ - 0x92D2)|189-76
37576|code|MOV             R10, R0|130-70
37578|code|LDR             R3, =(__stack_chk_guard_ptr - 0x14000)|189-75
37580|code|MOVS            R1, #2|2-33
37582|code|ADD             R4, PC; _GLOBAL_OFFSET_TABLE_|124-68
37584|code|LDR             R6, [R4,R3]; __stack_chk_guard|230-88
37586|code|LDR             R3, [R6]|51-104
37588|code|STR             R3, [SP,#0x144]|81-147
37590|code|LDR             R3, =(g_pszSoLib_ptr - 0x14000)|187-75
37592|code|LDR             R3, [R4,R3]; g_pszSoLib|227-88
37594|code|LDR             R0, [R3]|24-104
37596|code|BLX             dlopen|255-247-54-237
37600|code|LDR             R3, =(g_pSoLib_ptr - 0x14000)|185-75
37602|code|LDR             R5, [R4,R3]; g_pSoLib|229-88
37604|code|MOV             R7, R0|7-70
37606|code|STR             R0, [R5]|40-96
37608|code|CMP             R0, #0|0-40
37610|code|BEQ             loc_935C|55-208
37612|code|LDR.W           R11, =(aCGetfunctionli - 0x92F4); "C_GetFunctionList"|223-248-220-178
37616|code|ADD             R11, PC; "C_GetFunctionList"|251-68
37618|code|MOV             R1, R11|89-70
37620|code|BLX             dlsym|255-247-154-237
37624|code|MOV             R9, R0|129-70
37626|code|CMP             R0, #0|0-40
37628|code|BEQ.W           loc_9402|0-240-129-128
37632|code|LDR             R3, =(g_pFcnList_ptr - 0x14000)|179-75
37634|code|LDR             R7, [R4,R3]; g_pFcnList|231-88
37636|code|MOV             R0, R7|56-70
37638|code|BLX             R9|200-71
37640|code|MOV             R8, R0|128-70
37642|code|MOV             R0, R11|88-70
37644|code|MOV             R1, R8|65-70
37646|code|BL              sub_9130|255-247-15-255
37650|code|CMP.W           R8, #0|184-241-0-15
37654|code|BEQ             loc_9376|46-208
37656|code|LDR             R3, =(g_bTokenOpen_ptr - 0x14000)|174-75
37658|code|MOV.W           R9, #0|79-240-0-9
37662|code|LDR             R7, [R4,R3]; g_bTokenOpen|231-88
37664|code|MOV             R0, R9|72-70
37666|code|BLX             free|255-247-28-237
37670|code|LDR.W           R10, [R7]|215-248-0-160
37674|code|CMP.W           R10, #0|186-241-0-15
37678|code|BNE             loc_934A|12-209
37680|code|LDR             R3, =(g_bInit_ptr - 0x14000)|169-75
37682|code|LDR.W           R9, [R4,R3]|84-248-3-144
37686|code|LDR.W           R3, [R9]|217-248-0-48
37690|code|CMP             R3, #0|0-43
37692|code|BNE             loc_941A|109-209
37694|code|LDR             R0, [R5]|40-104
37696|code|CBZ             R0, loc_934A|24-177
37698|code|BLX             dlclose|255-247-236-236
37702|code|MOVS            R3, #0|0-35
37704|code|STR             R3, [R5]|43-96
37706|code|LDR             R2, [SP,#0x144]|81-154
37708|code|MOV             R0, R8|64-70
37710|code|LDR             R3, [R6]|51-104
37712|code|CMP             R2, R3|154-66
37714|code|BNE.W           loc_9592|64-240-30-129
37718|code|ADD             SP, SP, #0x14C|83-176
37720|code|POP.W           {R4-R11,PC}|189-232-240-143
37724|code|BLX             dlerror|255-247-58-237
37728|code|MOV             R9, R7|185-70
37730|code|MOV.W           R8, #5|79-240-5-8
37734|code|MOV             R1, R0|1-70
37736|code|LDR             R0, =(aThePkcs11Libra - 0x936E); "The PKCS#11 library cannot be loaded: %"...|156-72
37738|code|ADD             R0, PC; "The PKCS#11 library cannot be loaded: %"...|120-68
37740|code|BL              sub_A824|1-240-90-250
37744|code|LDR             R3, =(g_bTokenOpen_ptr - 0x14000)|152-75
37746|code|LDR             R7, [R4,R3]; g_bTokenOpen|231-88
37748|code|B               loc_9320|212-231
37750|code|MOVS            R1, #0x20 ; ' '|32-33
37752|code|ADD             R0, SP, #0x124|73-168
37754|code|MOV             R2, R1|10-70
37756|code|BLX             memset|255-247-212-236
37760|code|CMP.W           R10, #0|186-241-0-15
37764|code|BEQ             loc_9448|96-208
37766|code|MOV             R0, R10|80-70
37768|code|BLX             strlen|255-247-250-236
37772|code|CMP             R0, #0x20 ; ' '|32-40
37774|code|IT LS|152-191
37776|code|MOVLS           R1, R10|81-70
37778|code|BHI             loc_9432|78-216
37780|code|MOV             R2, R0|2-70
37782|code|MOVS            R3, #0x20 ; ' '|32-35
37784|code|ADD             R0, SP, #0x124|73-168
37786|code|BLX             __strncpy_chk|255-247-210-236
37790|code|LDR             R3, [R7]|59-104
37792|code|MOVS            R0, #0|0-32
37794|code|LDR             R3, [R3,#4]|91-104
37796|code|BLX             R3|152-71
37798|code|MOV             R8, R0|128-70
37800|code|LDR             R0, =(aCInitialize - 0x93B0); "C_Initialize"|141-72
37802|code|MOV             R1, R8|65-70
37804|code|ADD             R0, PC; "C_Initialize"|120-68
37806|code|BL              sub_9130|255-247-191-254
37810|code|CMP.W           R8, #0|184-241-0-15
37814|code|BNE             loc_9318|175-209
37816|code|LDR             R2, =(g_bInit_ptr - 0x14000)|135-74
37818|code|MOV             R1, R8|65-70
37820|code|LDR             R3, [R7]|59-104
37822|code|MOV             R0, R8|64-70
37824|code|MOV.W           R9, #1|79-240-1-9
37828|code|LDR.W           R10, =(aCGetslotlist - 0x93D4); "C_GetSlotList"|223-248-28-162
37832|code|LDR.W           LR, [R4,R2]; g_bInit|84-248-2-224
37836|code|ADD             R2, SP, #0x18|6-170
37838|code|LDR             R3, [R3,#0x14]|91-105
37840|code|ADD             R10, PC; "C_GetSlotList"|250-68
37842|code|STR.W           R9, [LR]|206-248-0-144
37846|code|BLX             R3|152-71
37848|code|MOV             R8, R0|128-70
37850|code|MOV             R0, R10|80-70
37852|code|MOV             R1, R8|65-70
37854|code|BL              sub_9130|255-247-167-254
37858|code|CMP.W           R8, #0|184-241-0-15
37862|code|BNE             loc_9318|151-209
37864|code|LDR             R1, [SP,#0x18]|6-153
37866|code|CMP             R1, #0|0-41
37868|code|BNE             loc_9450|48-209
37870|code|LDR             R0, =(aNoPkcs11SlotsP - 0x93FA); "No PKCS#11 slots present\n"|126-72
37872|code|MOV             R9, R8|193-70
37874|code|MOV.W           R8, #0xE0|79-240-224-8
37878|code|ADD             R0, PC; "No PKCS#11 slots present\n"|120-68
37880|code|BL              sub_A824|1-240-20-250
37884|code|LDR             R3, =(g_bTokenOpen_ptr - 0x14000)|117-75
37886|code|LDR             R7, [R4,R3]; g_bTokenOpen|231-88
37888|code|B               loc_9320|142-231
37890|code|BLX             dlerror|255-247-232-236
37894|code|MOV.W           R8, #5|79-240-5-8
37898|code|MOV             R1, R0|1-70
37900|code|LDR             R0, =(aUnableToFindTh - 0x9412); "Unable to find the C_GetFunctionList fu"...|119-72
37902|code|ADD             R0, PC; "Unable to find the C_GetFunctionList fu"...|120-68
37904|code|BL              sub_A824|1-240-8-250
37908|code|LDR             R3, =(g_bTokenOpen_ptr - 0x14000)|111-75
37910|code|LDR             R7, [R4,R3]; g_bTokenOpen|231-88
37912|code|B               loc_9320|130-231
37914|code|LDR             R3, =(g_pFcnList_ptr - 0x14000)|109-75
37916|code|MOV             R0, R10|80-70
37918|code|LDR             R3, [R4,R3]|227-88
37920|code|LDR             R3, [R3]|27-104
37922|code|LDR             R3, [R3,#8]|155-104
37924|code|BLX             R3|152-71
37926|code|LDR             R3, [R7]|59-104
37928|code|STR.W           R10, [R9]|201-248-0-160
37932|code|CMP             R3, #0|0-43
37934|code|BEQ             loc_933E|134-208
37936|code|B               loc_934A|139-231
37938|code|LDR             R0, =(aTheTokenLabelC - 0x9440); "The token label cannot be greater than "...|111-72
37940|code|MOVS            R1, #0x20 ; ' '|32-33
37942|code|MOV             R9, R8|193-70
37944|code|MOV.W           R8, #5|79-240-5-8
37948|code|ADD             R0, PC; "The token label cannot be greater than "...|120-68
37950|code|BL              sub_A824|1-240-241-249
37954|code|LDR             R3, =(g_bTokenOpen_ptr - 0x14000)|100-75
37956|code|LDR             R7, [R4,R3]; g_bTokenOpen|231-88
37958|code|B               loc_9320|107-231
37960|code|LDR             R1, =(aIbmPkcs11TpmTo - 0x9450); "IBM PKCS#11 TPM Token"|106-73
37962|code|MOVS            R0, #0x15|21-32
37964|code|ADD             R1, PC; "IBM PKCS#11 TPM Token"|121-68
37966|code|B               loc_9394|161-231
37968|code|LDR             R0, =(aSlotsPresentLd - 0x9456); "Slots present: %ld\n"|105-72
37970|code|ADD             R0, PC; "Slots present: %ld\n"|120-68
37972|code|BL              sub_A89C|1-240-34-250
37976|code|LDR             R1, [SP,#0x18]|6-153
37978|code|MOV             R0, R9|72-70
37980|code|LSLS            R1, R1, #2|137-0
37982|code|BLX             calloc|255-247-88-236
37986|code|MOV             R9, R0|129-70
37988|code|CMP             R0, #0|0-40
37990|code|BEQ.W           loc_9580|0-240-139-128
37994|code|LDR             R3, [R7]|59-104
37996|code|MOV             R0, R8|64-70
37998|code|MOV             R1, R9|73-70
38000|code|ADD             R2, SP, #0x18|6-170
38002|code|LDR             R3, [R3,#0x14]|91-105
38004|code|BLX             R3|152-71
38006|code|MOV             R8, R0|128-70
38008|code|MOV             R0, R10|80-70
38010|code|MOV             R1, R8|65-70
38012|code|BL              sub_9130|255-247-88-254
38016|code|CMP.W           R8, #0|184-241-0-15
38020|code|BNE             loc_957A|121-209
38022|code|LDR             R3, [SP,#0x18]|6-155
38024|code|CMP             R3, #0|0-43
38026|code|BEQ.W           loc_95A2|0-240-138-128
38030|code|LDR             R1, =(aRetrievingSlot - 0x9498); "Retrieving slot information for SlotID "...|91-73
38032|code|MOV             R10, R9|202-70
38034|code|LDR             R2, =(aCGetslotinfo - 0x949C); "C_GetSlotInfo"|91-74
38036|code|ADD             R1, PC; "Retrieving slot information for SlotID "...|121-68
38038|code|LDR             R3, =(aRetrievingToke - 0x94A2); "Retrieving token information for SlotID"...|91-75
38040|code|ADD             R2, PC; "C_GetSlotInfo"|122-68
38042|code|STR.W           R8, [SP,#0x14]|205-248-20-128
38046|code|ADD             R3, PC; "Retrieving token information for SlotID"...|123-68
38048|code|STR.W           R9, [SP,#8]|205-248-8-144
38052|code|STR             R4, [SP,#0xC]|3-148
38054|code|MOV             R9, R6|177-70
38056|code|MOV             R4, R8|68-70
38058|code|STR             R3, [SP,#4]|1-147
38060|code|STR             R5, [SP,#0x10]|4-149
38062|code|MOV             R6, R1|14-70
38064|code|MOV             R8, R2|144-70
38066|code|B               loc_94BC|3-224
38068|code|LDR             R3, [SP,#0x18]|6-155
38070|code|ADDS            R4, #1|1-52
38072|code|CMP             R3, R4|163-66
38074|code|BLS             loc_9596|108-217
38076|code|LDR.W           R1, [R10]|218-248-0-16
38080|code|MOV             R0, R6|48-70
38082|code|BL              sub_A89C|1-240-235-249
38086|code|LDR             R3, [R7]|59-104
38088|code|ADD             R1, SP, #0xBC|47-169
38090|code|MOV             R5, R10|85-70
38092|code|LDR.W           R0, [R10],#4|90-248-4-11
38096|code|LDR             R3, [R3,#0x18]|155-105
38098|code|BLX             R3|152-71
38100|code|MOV             R11, R0|131-70
38102|code|MOV             R0, R8|64-70
38104|code|MOV             R1, R11|89-70
38106|code|BL              sub_9130|255-247-41-254
38110|code|CMP.W           R11, #0|187-241-0-15
38114|code|BNE             loc_95A8|97-209
38116|code|ADD             R0, SP, #0xBC|47-168
38118|code|BL              sub_9158|255-247-55-254
38122|code|LDR             R3, [SP,#0x11C]|71-155
38124|code|LSLS            R1, R3, #0x1F|217-7
38126|code|BPL             loc_94B4|225-213
38128|code|LDR.W           R1, [R10,#-4]|90-248-4-28
38132|code|LDR             R0, [SP,#4]|1-152
38134|code|BL              sub_A89C|1-240-209-249
38138|code|LDR             R3, [R7]|59-104
38140|code|ADD             R1, SP, #0x1C|7-169
38142|code|LDR.W           R0, [R10,#-4]|90-248-4-12
38146|code|LDR             R3, [R3,#0x1C]|219-105
38148|code|BLX             R3|152-71
38150|code|MOV             R11, R0|131-70
38152|code|LDR             R0, =(aCGettokeninfo - 0x9510); "C_GetTokenInfo"|63-72
38154|code|MOV             R1, R11|89-70
38156|code|ADD             R0, PC; "C_GetTokenInfo"|120-68
38158|code|BL              sub_9130|255-247-15-254
38162|code|CMP.W           R11, #0|187-241-0-15
38166|code|BNE             loc_956E|42-209
38168|code|ADD             R0, SP, #0x1C|7-168
38170|code|BL              sub_91F4|255-247-107-254
38174|code|ADD             R0, SP, #0x1C|7-168
38176|code|ADD             R1, SP, #0x124|73-169
38178|code|MOVS            R2, #0x20 ; ' '|32-34
38180|code|BLX             strncmp|255-247-112-236
38184|code|CMP             R0, #0|0-40
38186|code|BNE             loc_94B4|195-209
38188|code|MOV             R3, R5|43-70
38190|code|LDR             R4, [SP,#0xC]|3-156
38192|code|LDR             R2, [R3]|26-104
38194|code|ADD             R1, SP, #0x1C|7-169
38196|code|LDR             R3, =(g_bTokenOpen_ptr - 0x14000)|39-75
38198|code|MOV             R6, R9|78-70
38200|code|LDR.W           R8, [SP,#0x14]|221-248-20-128
38204|code|LDR             R5, [SP,#0x10]|4-157
38206|code|LDR             R7, [R4,R3]|231-88
38208|code|MOVS            R3, #1|1-35
38210|code|LDR.W           R9, [SP,#8]|221-248-8-144
38214|code|STR             R3, [R7]|59-96
38216|code|LDR             R3, =0x90|48-75
38218|code|LDR             R3, [R4,R3]|227-88
38220|code|STR             R2, [R3]|26-96
38222|code|MOVS            R2, #0xA0|160-34
38224|code|LDR             R3, =0x8C|47-75
38226|code|LDR             R0, [R4,R3]|224-88
38228|code|BLX             memcpy|255-247-32-236
38232|code|LDR             R3, [R7]|59-104
38234|code|CMP             R3, #0|0-43
38236|code|BNE.W           loc_934A|127-244-245-174
38240|code|LDR             R0, =(unk_B590 - 0x956A)|44-72
38242|code|MOV.W           R8, #0xE0|79-240-224-8
38246|code|ADD             R0, PC; unk_B590|120-68
38248|code|BL              sub_A824|1-240-92-249
38252|code|B               loc_9320|216-230
38254|code|MOV             R6, R9|78-70
38256|code|LDR             R4, [SP,#0xC]|3-156
38258|code|LDR             R5, [SP,#0x10]|4-157
38260|code|MOV             R8, R11|216-70
38262|code|LDR.W           R9, [SP,#8]|221-248-8-144
38266|code|LDR             R3, =(g_bTokenOpen_ptr - 0x14000)|22-75
38268|code|LDR             R7, [R4,R3]|231-88
38270|code|B               loc_9320|207-230
38272|code|LDR             R0, =(aUnableToObtain - 0x958A); "Unable to obtain memory for PKCS#11 slo"...|37-72
38274|code|MOV.W           R8, #2|79-240-2-8
38278|code|ADD             R0, PC; "Unable to obtain memory for PKCS#11 slo"...|120-68
38280|code|BL              sub_A824|1-240-76-249
38284|code|LDR             R3, =(g_bTokenOpen_ptr - 0x14000)|17-75
38286|code|LDR             R7, [R4,R3]; g_bTokenOpen|231-88
38288|code|B               loc_9320|198-230
38290|code|BLX             __stack_chk_fail|255-247-26-236
38294|code|ADD             R4, SP, #0xC|3-172
38296|code|MOV             R6, R9|78-70
38298|code|LDR.W           R9, [SP,#8]|221-248-8-144
38302|code|LDM.W           R4, {R4,R5,R8}|148-232-48-1
38306|code|LDR             R3, =(g_bTokenOpen_ptr - 0x14000)|12-75
38308|code|LDR             R7, [R4,R3]|231-88
38310|code|B               loc_9558|215-231
38312|code|LDR             R4, [SP,#0xC]|3-156
38314|code|MOV             R6, R9|78-70
38316|code|LDR             R3, =(g_bTokenOpen_ptr - 0x14000)|9-75
38318|code|MOV             R8, R11|216-70
38320|code|LDR             R5, [SP,#0x10]|4-157
38322|code|LDR.W           R9, [SP,#8]|221-248-8-144
38326|code|LDR             R7, [R4,R3]|231-88
38328|code|B               loc_9320|178-230
38330|data|ALIGN 4|0-191
38332|data|DCD _GLOBAL_OFFSET_TABLE_ - 0x92D2|46-173-0-0
38336|data|DCD __stack_chk_guard_ptr - 0x14000|164-0-0-0
38340|data|DCD g_pszSoLib_ptr - 0x14000|184-0-0-0
38344|data|DCD g_pSoLib_ptr - 0x14000|148-0-0-0
38348|data|DCD aCGetfunctionli - 0x92F4; "C_GetFunctionList"|32-33-0-0
38352|data|DCD g_pFcnList_ptr - 0x14000|160-0-0-0
38356|data|DCD g_bTokenOpen_ptr - 0x14000|152-0-0-0
38360|data|DCD g_bInit_ptr - 0x14000|176-0-0-0
38364|data|DCD aThePkcs11Libra - 0x936E; "The PKCS#11 library cannot be loaded: %"...|122-32-0-0
38368|data|DCD aCInitialize - 0x93B0; "C_Initialize"|228-32-0-0
38372|data|DCD aCGetslotlist - 0x93D4; "C_GetSlotList"|208-32-0-0
38376|data|DCD aNoPkcs11SlotsP - 0x93FA; "No PKCS#11 slots present\n"|186-32-0-0
38380|data|DCD aUnableToFindTh - 0x9412; "Unable to find the C_GetFunctionList fu"...|22-32-0-0
38384|data|DCD aTheTokenLabelC - 0x9440; "The token label cannot be greater than "...|28-32-0-0
38388|data|DCD aIbmPkcs11TpmTo - 0x9450; "IBM PKCS#11 TPM Token"|128-31-0-0
38392|data|DCD aSlotsPresentLd - 0x9456; "Slots present: %ld\n"|122-32-0-0
38396|data|DCD aRetrievingSlot - 0x9498; "Retrieving slot information for SlotID "...|124-32-0-0
38400|data|DCD aCGetslotinfo - 0x949C; "C_GetSlotInfo"|164-32-0-0
38404|data|DCD aRetrievingToke - 0x94A2; "Retrieving token information for SlotID"...|174-32-0-0
38408|data|DCD aCGettokeninfo - 0x9510; "C_GetTokenInfo"|112-32-0-0
38412|data|DCD 0x90|144-0-0-0
38416|data|DCD 0x8C|140-0-0-0
38420|data|DCD unk_B590 - 0x956A|38-32-0-0
38424|data|DCD aUnableToObtain - 0x958A; "Unable to obtain memory for PKCS#11 slo"...|90-31-0-0
38428|code|PUSH            {R3-R7,LR}|248-181
38430|code|LDR             R4, =(_GLOBAL_OFFSET_TABLE_ - 0x9626)|16-76
38432|code|LDR             R3, =(g_bInit_ptr - 0x14000)|16-75
38434|code|ADD             R4, PC; _GLOBAL_OFFSET_TABLE_|124-68
38436|code|LDR             R5, [R4,R3]; g_bInit|229-88
38438|code|LDR             R6, [R5]|46-104
38440|code|CBNZ            R6, loc_9646|110-185
38442|code|LDR             R3, =(g_pSoLib_ptr - 0x14000)|15-75
38444|code|LDR             R7, [R4,R3]; g_pSoLib|231-88
38446|code|LDR             R0, [R7]|56-104
38448|code|CBZ             R0, loc_9636|8-177
38450|code|BLX             dlclose|255-247-116-235
38454|code|LDR             R2, =(g_bTokenOpen_ptr - 0x14000)|13-74
38456|code|MOVS            R3, #0|0-35
38458|code|MOV             R0, R6|48-70
38460|code|LDR             R2, [R4,R2]; g_bTokenOpen|162-88
38462|code|STR             R3, [R5]|43-96
38464|code|STR             R3, [R7]|59-96
38466|code|STR             R3, [R2]|19-96
38468|code|POP             {R3-R7,PC}|248-189
38470|code|LDR             R3, =(g_pFcnList_ptr - 0x14000)|10-75
38472|code|MOVS            R0, #0|0-32
38474|code|LDR             R3, [R4,R3]; g_pFcnList|227-88
38476|code|LDR             R3, [R3]|27-104
38478|code|LDR             R3, [R3,#8]|155-104
38480|code|BLX             R3|152-71
38482|code|MOV             R6, R0|6-70
38484|code|LDR             R0, =(aCFinalize - 0x965C); "C_Finalize"|7-72
38486|code|MOV             R1, R6|49-70
38488|code|ADD             R0, PC; "C_Finalize"|120-68
38490|code|BL              sub_9130|255-247-105-253
38494|code|B               loc_962A|228-231
38496|data|DCD _GLOBAL_OFFSET_TABLE_ - 0x9626|218-169-0-0
38500|data|DCD g_bInit_ptr - 0x14000|176-0-0-0
38504|data|DCD g_pSoLib_ptr - 0x14000|148-0-0-0
38508|data|DCD g_bTokenOpen_ptr - 0x14000|152-0-0-0
38512|data|DCD g_pFcnList_ptr - 0x14000|160-0-0-0
38516|data|DCD aCFinalize - 0x965C; "C_Finalize"|88-31-0-0
38520|code|PUSH            {R3-R5,LR}|56-181
38522|code|MOV             R5, R0|5-70
38524|code|LDR             R4, =(_GLOBAL_OFFSET_TABLE_ - 0x9684)|15-76
38526|code|LDR             R3, =(g_bTokenOpen_ptr - 0x14000)|16-75
38528|code|ADD             R4, PC; _GLOBAL_OFFSET_TABLE_|124-68
38530|code|LDR             R3, [R4,R3]; g_bTokenOpen|227-88
38532|code|LDR             R3, [R3]|27-104
38534|code|CBNZ            R3, loc_968E|19-185
38536|code|MOVS            R4, #5|5-36
38538|code|MOV             R0, R4|32-70
38540|code|POP             {R3-R5,PC}|56-189
38542|code|BLX             strlen|255-247-120-235
38546|code|LDR             R3, =(g_pFcnList_ptr - 0x14000)|12-75
38548|code|MOV             R1, R5|41-70
38550|code|LDR             R5, [R4,R3]; g_pFcnList|229-88
38552|code|LDR             R3, =(g_tSlotId_ptr - 0x14000)|11-75
38554|code|MOV             R2, R0|2-70
38556|code|LDR             R0, [R4,R3]; g_tSlotId|224-88
38558|code|LDR             R3, =(g_tToken_ptr - 0x14000)|11-75
38560|code|LDR             R0, [R0]|0-104
38562|code|LDR             R3, [R4,R3]; g_tToken|227-88
38564|code|LDR             R4, [R5]|44-104
38566|code|LDR             R4, [R4,#0x28]|164-106
38568|code|BLX             R4|160-71
38570|code|MOV             R4, R0|4-70
38572|code|LDR             R0, =(aCInittoken - 0x96B4); "C_InitToken"|8-72
38574|code|MOV             R1, R4|33-70
38576|code|ADD             R0, PC; "C_InitToken"|120-68
38578|code|BL              sub_9130|255-247-61-253
38582|code|MOV             R0, R4|32-70
38584|code|POP             {R3-R5,PC}|56-189
38586|data|ALIGN 4|0-191
38588|data|DCD _GLOBAL_OFFSET_TABLE_ - 0x9684|124-169-0-0
38592|data|DCD g_bTokenOpen_ptr - 0x14000|152-0-0-0
38596|data|DCD g_pFcnList_ptr - 0x14000|160-0-0-0
38600|data|DCD g_tSlotId_ptr - 0x14000|144-0-0-0
38604|data|DCD g_tToken_ptr - 0x14000|140-0-0-0
38608|data|DCD aCInittoken - 0x96B4; "C_InitToken"|12-31-0-0
38612|code|PUSH            {R4-R6,LR}|112-181
38614|code|MOV             R5, R1|13-70
38616|code|LDR             R4, =(_GLOBAL_OFFSET_TABLE_ - 0x96E2)|15-76
38618|code|SUB             SP, SP, #8|130-176
38620|code|LDR             R3, =(g_bTokenOpen_ptr - 0x14000)|15-75
38622|code|ADD             R4, PC; _GLOBAL_OFFSET_TABLE_|124-68
38624|code|LDR             R3, [R4,R3]; g_bTokenOpen|227-88
38626|code|LDR             R3, [R3]|27-104
38628|code|CBNZ            R3, loc_96EE|27-185
38630|code|MOVS            R4, #5|5-36
38632|code|MOV             R0, R4|32-70
38634|code|ADD             SP, SP, #8|2-176
38636|code|POP             {R4-R6,PC}|112-189
38638|code|ORR.W           R1, R0, #4|64-240-4-1
38642|code|LDR             R0, =(g_pFcnList_ptr - 0x14000)|11-72
38644|code|MOVS            R2, #0|0-34
38646|code|LDR             R6, [R4,R0]; g_pFcnList|38-88
38648|code|MOV             R3, R2|19-70
38650|code|LDR             R0, =(g_tSlotId_ptr - 0x14000)|10-72
38652|code|LDR             R0, [R4,R0]; g_tSlotId|32-88
38654|code|STR             R5, [SP]|0-149
38656|code|LDR             R4, [R6]|52-104
38658|code|LDR             R0, [R0]|0-104
38660|code|LDR             R4, [R4,#0x34]|100-107
38662|code|BLX             R4|160-71
38664|code|MOV             R4, R0|4-70
38666|code|LDR             R0, =(aCOpensession - 0x9712); "C_OpenSession"|7-72
38668|code|MOV             R1, R4|33-70
38670|code|ADD             R0, PC; "C_OpenSession"|120-68
38672|code|BL              sub_9130|255-247-14-253
38676|code|B               loc_96E8|232-231
38678|data|ALIGN 4|0-191
38680|data|DCD _GLOBAL_OFFSET_TABLE_ - 0x96E2|30-169-0-0
38684|data|DCD g_bTokenOpen_ptr - 0x14000|152-0-0-0
38688|data|DCD g_pFcnList_ptr - 0x14000|160-0-0-0
38692|data|DCD g_tSlotId_ptr - 0x14000|144-0-0-0
38696|data|DCD aCOpensession - 0x9712; "C_OpenSession"|186-30-0-0
38700|code|LDR             R3, =(_GLOBAL_OFFSET_TABLE_ - 0x9734)|11-75
38702|code|LDR             R2, =(g_bTokenOpen_ptr - 0x14000)|12-74
38704|code|ADD             R3, PC; _GLOBAL_OFFSET_TABLE_|123-68
38706|code|PUSH            {R4,LR}|16-181
38708|code|MOVS            R4, #5|5-36
38710|code|LDR             R2, [R3,R2]; g_bTokenOpen|154-88
38712|code|LDR             R2, [R2]|18-104
38714|code|CBNZ            R2, loc_9740|10-185
38716|code|MOV             R0, R4|32-70
38718|code|POP             {R4,PC}|16-189
38720|code|LDR             R2, =(g_pFcnList_ptr - 0x14000)|8-74
38722|code|LDR             R3, [R3,R2]; g_pFcnList|155-88
38724|code|LDR             R3, [R3]|27-104
38726|code|LDR             R3, [R3,#0x38]|155-107
38728|code|BLX             R3|152-71
38730|code|MOV             R4, R0|4-70
38732|code|LDR             R0, =(aCClosesession - 0x9754); "C_CloseSession"|6-72
38734|code|MOV             R1, R4|33-70
38736|code|ADD             R0, PC; "C_CloseSession"|120-68
38738|code|BL              sub_9130|255-247-237-252
38742|code|MOV             R0, R4|32-70
38744|code|POP             {R4,PC}|16-189
38746|data|ALIGN 4|0-191
38748|data|DCD _GLOBAL_OFFSET_TABLE_ - 0x9734|204-168-0-0
38752|data|DCD g_bTokenOpen_ptr - 0x14000|152-0-0-0
38756|data|DCD g_pFcnList_ptr - 0x14000|160-0-0-0
38760|data|DCD aCClosesession - 0x9754; "C_CloseSession"|136-30-0-0
38764|code|LDR             R3, =(_GLOBAL_OFFSET_TABLE_ - 0x9774)|12-75
38766|code|LDR             R2, =(g_bTokenOpen_ptr - 0x14000)|13-74
38768|code|ADD             R3, PC; _GLOBAL_OFFSET_TABLE_|123-68
38770|code|PUSH            {R4,LR}|16-181
38772|code|MOVS            R4, #5|5-36
38774|code|LDR             R2, [R3,R2]; g_bTokenOpen|154-88
38776|code|LDR             R2, [R2]|18-104
38778|code|CBNZ            R2, loc_9780|10-185
38780|code|MOV             R0, R4|32-70
38782|code|POP             {R4,PC}|16-189
38784|code|LDR             R2, =(g_pFcnList_ptr - 0x14000)|9-74
38786|code|LDR             R1, [R3,R2]; g_pFcnList|153-88
38788|code|LDR             R2, =(g_tSlotId_ptr - 0x14000)|9-74
38790|code|LDR             R2, [R3,R2]; g_tSlotId|154-88
38792|code|LDR             R3, [R1]|11-104
38794|code|LDR             R0, [R2]|16-104
38796|code|LDR             R3, [R3,#0x3C]|219-107
38798|code|BLX             R3|152-71
38800|code|MOV             R4, R0|4-70
38802|code|LDR             R0, =(aCCloseallsessi - 0x979A); "C_CloseAllSessions"|7-72
38804|code|MOV             R1, R4|33-70
38806|code|ADD             R0, PC; "C_CloseAllSessions"|120-68
38808|code|BL              sub_9130|255-247-202-252
38812|code|MOV             R0, R4|32-70
38814|code|POP             {R4,PC}|16-189
38816|data|DCD _GLOBAL_OFFSET_TABLE_ - 0x9774|140-168-0-0
38820|data|DCD g_bTokenOpen_ptr - 0x14000|152-0-0-0
38824|data|DCD g_pFcnList_ptr - 0x14000|160-0-0-0
38828|data|DCD g_tSlotId_ptr - 0x14000|144-0-0-0
38832|data|DCD aCCloseallsessi - 0x979A; "C_CloseAllSessions"|82-30-0-0
38836|code|PUSH            {R4,R5,LR}|48-181
38838|code|MOV             R5, R0|5-70
38840|code|LDR             R4, =(_GLOBAL_OFFSET_TABLE_ - 0x97C2)|15-76
38842|code|SUB             SP, SP, #0xC|131-176
38844|code|LDR             R3, =(g_bTokenOpen_ptr - 0x14000)|15-75
38846|code|ADD             R4, PC; _GLOBAL_OFFSET_TABLE_|124-68
38848|code|LDR             R3, [R4,R3]; g_bTokenOpen|227-88
38850|code|LDR             R3, [R3]|27-104
38852|code|CBNZ            R3, loc_97CE|27-185
38854|code|MOVS            R4, #5|5-36
38856|code|MOV             R0, R4|32-70
38858|code|ADD             SP, SP, #0xC|3-176
38860|code|POP             {R4,R5,PC}|48-189
38862|code|MOV             R0, R2|16-70
38864|code|STR             R1, [SP,#4]|1-145
38866|code|STR             R2, [SP]|0-146
38868|code|BLX             strlen|255-247-212-234
38872|code|LDR             R1, [SP,#4]|1-153
38874|code|LDR             R2, [SP]|0-154
38876|code|MOV             R3, R0|3-70
38878|code|MOV             R0, R5|40-70
38880|code|LDR             R5, =(g_pFcnList_ptr - 0x14000)|7-77
38882|code|LDR             R4, [R4,R5]; g_pFcnList|100-89
38884|code|LDR             R4, [R4]|36-104
38886|code|LDR             R4, [R4,#0x4C]|228-108
38888|code|BLX             R4|160-71
38890|code|MOV             R4, R0|4-70
38892|code|LDR             R0, =(aCLogin - 0x97F4); "C_Login"|5-72
38894|code|MOV             R1, R4|33-70
38896|code|ADD             R0, PC; "C_Login"|120-68
38898|code|BL              sub_9130|255-247-157-252
38902|code|B               loc_97C8|231-231
38904|data|DCD _GLOBAL_OFFSET_TABLE_ - 0x97C2|62-168-0-0
38908|data|DCD g_bTokenOpen_ptr - 0x14000|152-0-0-0
38912|data|DCD g_pFcnList_ptr - 0x14000|160-0-0-0
38916|data|DCD aCLogin - 0x97F4; "C_Login"|12-30-0-0
38920|code|PUSH            {R4,R5,LR}|48-181
38922|code|MOV             R5, R0|5-70
38924|code|LDR             R4, =(_GLOBAL_OFFSET_TABLE_ - 0x9816)|14-76
38926|code|SUB             SP, SP, #0xC|131-176
38928|code|LDR             R3, =(g_bTokenOpen_ptr - 0x14000)|14-75
38930|code|ADD             R4, PC; _GLOBAL_OFFSET_TABLE_|124-68
38932|code|LDR             R3, [R4,R3]; g_bTokenOpen|227-88
38934|code|LDR             R3, [R3]|27-104
38936|code|CBNZ            R3, loc_9822|27-185
38938|code|MOVS            R4, #5|5-36
38940|code|MOV             R0, R4|32-70
38942|code|ADD             SP, SP, #0xC|3-176
38944|code|POP             {R4,R5,PC}|48-189
38946|code|MOV             R0, R1|8-70
38948|code|STR             R1, [SP,#4]|1-145
38950|code|BLX             strlen|255-247-172-234
38954|code|LDR             R3, =(g_pFcnList_ptr - 0x14000)|9-75
38956|code|LDR             R1, [SP,#4]|1-153
38958|code|LDR             R3, [R4,R3]; g_pFcnList|227-88
38960|code|LDR             R3, [R3]|27-104
38962|code|LDR             R3, [R3,#0x2C]|219-106
38964|code|MOV             R2, R0|2-70
38966|code|MOV             R0, R5|40-70
38968|code|BLX             R3|152-71
38970|code|MOV             R4, R0|4-70
38972|code|LDR             R0, =(aCInitpin - 0x9844); "C_InitPIN"|5-72
38974|code|MOV             R1, R4|33-70
38976|code|ADD             R0, PC; "C_InitPIN"|120-68
38978|code|BL              sub_9130|255-247-117-252
38982|code|B               loc_981C|233-231
38984|data|DCD _GLOBAL_OFFSET_TABLE_ - 0x9816|234-167-0-0
38988|data|DCD g_bTokenOpen_ptr - 0x14000|152-0-0-0
38992|data|DCD g_pFcnList_ptr - 0x14000|160-0-0-0
38996|data|DCD aCInitpin - 0x9844; "C_InitPIN"|196-29-0-0
39000|code|PUSH.W          {R4-R8,LR}|45-233-240-65
39004|code|MOV             R5, R0|5-70
39006|code|LDR             R4, =(_GLOBAL_OFFSET_TABLE_ - 0x986A)|19-76
39008|code|SUB             SP, SP, #0x10|132-176
39010|code|LDR             R3, =(g_bTokenOpen_ptr - 0x14000)|19-75
39012|code|MOV             R6, R2|22-70
39014|code|ADD             R4, PC; _GLOBAL_OFFSET_TABLE_|124-68
39016|code|LDR             R3, [R4,R3]; g_bTokenOpen|227-88
39018|code|LDR             R3, [R3]|27-104
39020|code|CBNZ            R3, loc_9878|35-185
39022|code|MOVS            R4, #5|5-36
39024|code|MOV             R0, R4|32-70
39026|code|ADD             SP, SP, #0x10|4-176
39028|code|POP.W           {R4-R8,PC}|189-232-240-129
39032|code|MOV             R0, R1|8-70
39034|code|STR             R1, [SP,#0xC]|3-145
39036|code|BLX             strlen|255-247-128-234
39040|code|MOV             R8, R0|128-70
39042|code|MOV             R0, R6|48-70
39044|code|BLX             strlen|255-247-124-234
39048|code|LDR             R1, [SP,#0xC]|3-153
39050|code|MOV             R2, R8|66-70
39052|code|MOV             R3, R6|51-70
39054|code|MOV             R7, R0|7-70
39056|code|MOV             R0, R5|40-70
39058|code|LDR             R5, =(g_pFcnList_ptr - 0x14000)|8-77
39060|code|LDR             R4, [R4,R5]; g_pFcnList|100-89
39062|code|STR             R7, [SP]|0-151
39064|code|LDR             R4, [R4]|36-104
39066|code|LDR             R4, [R4,#0x30]|36-107
39068|code|BLX             R4|160-71
39070|code|MOV             R4, R0|4-70
39072|code|LDR             R0, =(aCSetpin - 0x98A8); "C_SetPIN"|5-72
39074|code|MOV             R1, R4|33-70
39076|code|ADD             R0, PC; "C_SetPIN"|120-68
39078|code|BL              sub_9130|255-247-67-252
39082|code|B               loc_9870|225-231
39084|data|DCD _GLOBAL_OFFSET_TABLE_ - 0x986A|150-167-0-0
39088|data|DCD g_bTokenOpen_ptr - 0x14000|152-0-0-0
39092|data|DCD g_pFcnList_ptr - 0x14000|160-0-0-0
39096|data|DCD aCSetpin - 0x98A8; "C_SetPIN"|108-29-0-0
39100|code|PUSH            {R4,R5,LR}|48-181
39102|code|SUB             SP, SP, #0xC|131-176
39104|code|LDR             R4, =(_GLOBAL_OFFSET_TABLE_ - 0x98C8)|12-76
39106|code|LDR             R5, =(g_bTokenOpen_ptr - 0x14000)|13-77
39108|code|ADD             R4, PC; _GLOBAL_OFFSET_TABLE_|124-68
39110|code|LDR             R5, [R4,R5]; g_bTokenOpen|101-89
39112|code|LDR             R5, [R5]|45-104
39114|code|CBNZ            R5, loc_98D4|29-185
39116|code|MOVS            R4, #5|5-36
39118|code|MOV             R0, R4|32-70
39120|code|ADD             SP, SP, #0xC|3-176
39122|code|POP             {R4,R5,PC}|48-189
39124|code|LDR             R5, =(g_pFcnList_ptr - 0x14000)|9-77
39126|code|LDR             R4, [R4,R5]; g_pFcnList|100-89
39128|code|LDR             R5, [SP,#0x18]|6-157
39130|code|STR             R5, [SP]|0-149
39132|code|LDR             R4, [R4]|36-104
39134|code|LDR.W           R4, [R4,#0xEC]|212-248-236-64
39138|code|BLX             R4|160-71
39140|code|MOV             R4, R0|4-70
39142|code|LDR             R0, =(aCGeneratekey - 0x98EE); "C_GenerateKey"|6-72
39144|code|MOV             R1, R4|33-70
39146|code|ADD             R0, PC; "C_GenerateKey"|120-68
39148|code|BL              sub_9130|255-247-32-252
39152|code|B               loc_98CE|237-231
39154|data|ALIGN 4|0-191
39156|data|DCD _GLOBAL_OFFSET_TABLE_ - 0x98C8|56-167-0-0
39160|data|DCD g_bTokenOpen_ptr - 0x14000|152-0-0-0
39164|data|DCD g_pFcnList_ptr - 0x14000|160-0-0-0
39168|data|DCD aCGeneratekey - 0x98EE; "C_GenerateKey"|50-29-0-0
39172|code|PUSH            {R3-R5,LR}|56-181
39174|code|LDR             R4, =(_GLOBAL_OFFSET_TABLE_ - 0x990E)|11-76
39176|code|LDR             R5, =(g_bTokenOpen_ptr - 0x14000)|11-77
39178|code|ADD             R4, PC; _GLOBAL_OFFSET_TABLE_|124-68
39180|code|LDR             R5, [R4,R5]; g_bTokenOpen|101-89
39182|code|LDR             R5, [R5]|45-104
39184|code|CBNZ            R5, loc_9918|21-185
39186|code|MOVS            R4, #5|5-36
39188|code|MOV             R0, R4|32-70
39190|code|POP             {R3-R5,PC}|56-189
39192|code|LDR             R5, =(g_pFcnList_ptr - 0x14000)|8-77
39194|code|LDR             R4, [R4,R5]; g_pFcnList|100-89
39196|code|LDR             R4, [R4]|36-104
39198|code|LDR             R4, [R4,#0x54]|100-109
39200|code|BLX             R4|160-71
39202|code|MOV             R4, R0|4-70
39204|code|LDR             R0, =(aCCreateobject - 0x992C); "C_CreateObject"|6-72
39206|code|MOV             R1, R4|33-70
39208|code|ADD             R0, PC; "C_CreateObject"|120-68
39210|code|BL              sub_9130|255-247-1-252
39214|code|MOV             R0, R4|32-70
39216|code|POP             {R3-R5,PC}|56-189
39218|data|ALIGN 4|0-191
39220|data|DCD _GLOBAL_OFFSET_TABLE_ - 0x990E|242-166-0-0
39224|data|DCD g_bTokenOpen_ptr - 0x14000|152-0-0-0
39228|data|DCD g_pFcnList_ptr - 0x14000|160-0-0-0
39232|data|DCD aCCreateobject - 0x992C; "C_CreateObject"|4-29-0-0
39236|code|LDR             R3, =(_GLOBAL_OFFSET_TABLE_ - 0x994C)|11-75
39238|code|LDR             R2, =(g_bTokenOpen_ptr - 0x14000)|12-74
39240|code|ADD             R3, PC; _GLOBAL_OFFSET_TABLE_|123-68
39242|code|PUSH            {R4,LR}|16-181
39244|code|MOVS            R4, #5|5-36
39246|code|LDR             R2, [R3,R2]; g_bTokenOpen|154-88
39248|code|LDR             R2, [R2]|18-104
39250|code|CBNZ            R2, loc_9958|10-185
39252|code|MOV             R0, R4|32-70
39254|code|POP             {R4,PC}|16-189
39256|code|LDR             R2, =(g_pFcnList_ptr - 0x14000)|8-74
39258|code|LDR             R3, [R3,R2]; g_pFcnList|155-88
39260|code|LDR             R3, [R3]|27-104
39262|code|LDR             R3, [R3,#0x5C]|219-109
39264|code|BLX             R3|152-71
39266|code|MOV             R4, R0|4-70
39268|code|LDR             R0, =(aCDestroyobject - 0x996C); "C_DestroyObject"|6-72
39270|code|MOV             R1, R4|33-70
39272|code|ADD             R0, PC; "C_DestroyObject"|120-68
39274|code|BL              sub_9130|255-247-225-251
39278|code|MOV             R0, R4|32-70
39280|code|POP             {R4,PC}|16-189
39282|data|ALIGN 4|0-191
39284|data|DCD _GLOBAL_OFFSET_TABLE_ - 0x994C|180-166-0-0
39288|data|DCD g_bTokenOpen_ptr - 0x14000|152-0-0-0
39292|data|DCD g_pFcnList_ptr - 0x14000|160-0-0-0
39296|data|DCD aCDestroyobject - 0x996C; "C_DestroyObject"|212-28-0-0
39300|code|PUSH            {R3-R5,LR}|56-181
39302|code|LDR             R4, =(_GLOBAL_OFFSET_TABLE_ - 0x998E)|11-76
39304|code|LDR             R5, =(g_bTokenOpen_ptr - 0x14000)|11-77
39306|code|ADD             R4, PC; _GLOBAL_OFFSET_TABLE_|124-68
39308|code|LDR             R5, [R4,R5]; g_bTokenOpen|101-89
39310|code|LDR             R5, [R5]|45-104
39312|code|CBNZ            R5, loc_9998|21-185
39314|code|MOVS            R4, #5|5-36
39316|code|MOV             R0, R4|32-70
39318|code|POP             {R3-R5,PC}|56-189
39320|code|LDR             R5, =(g_pFcnList_ptr - 0x14000)|8-77
39322|code|LDR             R4, [R4,R5]; g_pFcnList|100-89
39324|code|LDR             R4, [R4]|36-104
39326|code|LDR             R4, [R4,#0x64]|100-110
39328|code|BLX             R4|160-71
39330|code|MOVS            R2, #0x12|18-34
39332|code|MOV             R4, R0|4-70
39334|code|LDR             R0, =(aCGetattributev - 0x99AE); "C_GetAttributeValue"|6-72
39336|code|MOV             R1, R4|33-70
39338|code|ADD             R0, PC; "C_GetAttributeValue"|120-68
39340|code|BL              sub_913C|255-247-198-251
39344|code|MOV             R0, R4|32-70
39346|code|POP             {R3-R5,PC}|56-189
39348|data|DCD _GLOBAL_OFFSET_TABLE_ - 0x998E|114-166-0-0
39352|data|DCD g_bTokenOpen_ptr - 0x14000|152-0-0-0
39356|data|DCD g_pFcnList_ptr - 0x14000|160-0-0-0
39360|data|DCD aCGetattributev - 0x99AE; "C_GetAttributeValue"|162-28-0-0
39364|code|PUSH.W          {R4-R11,LR}|45-233-240-79
39368|code|SUB             SP, SP, #0x14|133-176
39370|code|MOV             R8, R0|128-70
39372|code|MOV             R6, R3|30-70
39374|code|LDR             R0, [SP,#0x38]|14-152
39376|code|MOVS            R3, #0|0-35
39378|code|LDR             R4, =(_GLOBAL_OFFSET_TABLE_ - 0x99DE)|55-76
39380|code|MOVS            R7, #5|5-39
39382|code|STR             R3, [R6]|51-96
39384|code|STR             R3, [SP,#0xC]|3-147
39386|code|ADD             R4, PC; _GLOBAL_OFFSET_TABLE_|124-68
39388|code|STR             R3, [R0]|3-96
39390|code|LDR             R3, =(g_bTokenOpen_ptr - 0x14000)|53-75
39392|code|LDR             R3, [R4,R3]; g_bTokenOpen|227-88
39394|code|LDR             R3, [R3]|27-104
39396|code|CBNZ            R3, loc_99EE|27-185
39398|code|MOV             R0, R7|56-70
39400|code|ADD             SP, SP, #0x14|5-176
39402|code|POP.W           {R4-R11,PC}|189-232-240-143
39406|code|LDR             R3, =(g_pFcnList_ptr - 0x14000)|50-75
39408|code|MOV             R0, R8|64-70
39410|code|LDR.W           R10, [R4,R3]; g_pFcnList|84-248-3-160
39414|code|LDR.W           R3, [R10]|218-248-0-48
39418|code|LDR             R3, [R3,#0x6C]|219-110
39420|code|BLX             R3|152-71
39422|code|MOV             R7, R0|7-70
39424|code|LDR             R0, =(aCFindobjectsin - 0x9A08); "C_FindObjectsInit"|46-72
39426|code|MOV             R1, R7|57-70
39428|code|ADD             R0, PC; "C_FindObjectsInit"|120-68
39430|code|BL              sub_9130|255-247-147-251
39434|code|CMP             R7, #0|0-47
39436|code|BNE             loc_99E6|235-209
39438|code|LDR             R3, =(aCFindobjects - 0x9A1A); "C_FindObjects"|44-75
39440|code|MOV             R11, R6|179-70
39442|code|MOV             R4, R7|60-70
39444|code|MOV             R6, R7|62-70
39446|code|ADD             R3, PC; "C_FindObjects"|123-68
39448|code|MOV             R9, R8|193-70
39450|code|STR             R3, [SP,#4]|1-147
39452|code|B               loc_9A54|26-224
39454|code|MOV             R1, R6|49-70
39456|code|MOV             R2, R7|58-70
39458|code|BLX             memcpy|255-247-186-233
39462|code|MOV             R0, R6|48-70
39464|code|BLX             free|255-247-152-233
39468|code|ADDS            R1, R5, R7|233-25
39470|code|LDR.W           R7, [R10]|218-248-0-112
39474|code|MOVS            R2, #0xA|10-34
39476|code|ADD             R3, SP, #0xC|3-171
39478|code|MOV             R0, R9|72-70
39480|code|MOV             R6, R5|46-70
39482|code|LDR             R7, [R7,#0x70]|63-111
39484|code|BLX             R7|184-71
39486|code|MOV             R7, R0|7-70
39488|code|LDR             R0, [SP,#4]|1-152
39490|code|MOV             R1, R7|57-70
39492|code|BL              sub_9130|255-247-116-251
39496|code|CMP             R7, #0|0-47
39498|code|BNE             loc_9AAA|46-209
39500|code|LDR             R3, [SP,#0xC]|3-155
39502|code|ADDS            R4, R4, R3|228-24
39504|code|CMP             R4, R8|68-69
39506|code|BNE             loc_9A6E|12-209
39508|code|ADD.W           R8, R4, #0xA|4-241-10-8
39512|code|MOVS            R0, #4|4-32
39514|code|LSLS            R7, R4, #2|167-0
39516|code|MOV             R1, R8|65-70
39518|code|BLX             calloc|255-247-88-233
39522|code|MOV             R5, R0|5-70
39524|code|CBZ             R0, loc_9A9A|200-177
39526|code|CMP             R6, #0|0-46
39528|code|BNE             loc_9A1E|217-209
39530|code|LSLS            R7, R4, #2|167-0
39532|code|B               loc_9A2C|222-231
39534|code|LDR             R0, [SP,#0x38]|14-152
39536|code|MOV             R8, R9|200-70
39538|code|MOV             R6, R7|62-70
39540|code|STR.W           R5, [R11]|203-248-0-80
39544|code|STR             R4, [R0]|4-96
39546|code|LDR.W           R3, [R10]|218-248-0-48
39550|code|MOV             R0, R8|64-70
39552|code|LDR             R3, [R3,#0x74]|91-111
39554|code|BLX             R3|152-71
39556|code|MOV             R1, R0|1-70
39558|code|LDR             R0, =(aCFindobjectsfi - 0x9A8C); "C_FindObjectsFinal"|15-72
39560|code|ADD             R0, PC; "C_FindObjectsFinal"|120-68
39562|code|BL              sub_9130|255-247-81-251
39566|code|CMP             R6, #0|0-46
39568|code|BEQ             loc_99E6|169-208
39570|code|MOV             R0, R5|40-70
39572|code|BLX             free|255-247-98-233
39576|code|B               loc_99E6|165-231
39578|code|MOV             R6, R0|6-70
39580|code|LDR             R0, =(aUnableToObtain_0 - 0x9AA6); "Unable to obtain memory for object hand"...|10-72
39582|code|MOV             R8, R9|200-70
39584|code|MOVS            R7, #2|2-39
39586|code|ADD             R0, PC; "Unable to obtain memory for object hand"...|120-68
39588|code|BL              sub_A824|0-240-190-254
39592|code|B               loc_9A7A|231-231
39594|code|MOV             R8, R9|200-70
39596|code|MOVS            R6, #1|1-38
39598|code|B               loc_9A7A|228-231
39600|data|DCD _GLOBAL_OFFSET_TABLE_ - 0x99DE|34-166-0-0
39604|data|DCD g_bTokenOpen_ptr - 0x14000|152-0-0-0
39608|data|DCD g_pFcnList_ptr - 0x14000|160-0-0-0
39612|data|DCD aCFindobjectsin - 0x9A08; "C_FindObjectsInit"|92-28-0-0
39616|data|DCD aCFindobjects - 0x9A1A; "C_FindObjects"|142-28-0-0
39620|data|DCD aCFindobjectsfi - 0x9A8C; "C_FindObjectsFinal"|44-28-0-0
39624|data|DCD aUnableToObtain_0 - 0x9AA6; "Unable to obtain memory for object hand"...|210-27-0-0
39628|code|PUSH            {R3-R5,LR}|56-181
39630|code|MOV             R4, R1|12-70
39632|code|LDR             R1, =(aSFailed0x08xLd+0x18 - 0x9AD6); ""|14-73
39634|code|ADD             R1, PC; ""|121-68
39636|code|MOV             R5, R1|13-70
39638|code|CBZ             R2, loc_9AE0|26-177
39640|code|LDR             R1, =(asc_B6CC - 0x9AE0); "\t"|13-73
39642|code|LDR             R5, =(aLabelS+0xC - 0x9AE2); "\n"|14-77
39644|code|ADD             R1, PC; "\t"|121-68
39646|code|ADD             R5, PC; "\n"|125-68
39648|code|MOV             R2, R0|2-70
39650|code|LDR             R0, =(aSS_0 - 0x9AE8); "%s%s'"|13-72
39652|code|ADD             R0, PC; "%s%s'"|120-68
39654|code|BL              sub_A8D8|0-240-247-254
39658|code|LDR             R0, [R4,#8]|160-104
39660|code|CBNZ            R0, loc_9B04|80-185
39662|code|LDR             R0, =(aNull - 0x9AF4); "(null)"|11-72
39664|code|ADD             R0, PC; "(null)"|120-68
39666|code|BL              sub_A8D8|0-240-241-254
39670|code|LDR             R0, =(aS - 0x9AFE); "'%s"|10-72
39672|code|MOV             R1, R5|41-70
39674|code|ADD             R0, PC; "'%s"|120-68
39676|code|POP.W           {R3-R5,LR}|189-232-56-64
39680|code|B.W             sub_A8D8|0-240-234-190
39684|code|LDR             R1, [R4,#4]|97-104
39686|code|BL              sub_A908|0-240-255-254
39690|code|B               loc_9AF6|244-231
39692|data|DCD aSFailed0x08xLd+0x18 - 0x9AD6; ""|62-24-0-0
39696|data|DCD asc_B6CC - 0x9AE0; "\t"|236-27-0-0
39700|data|DCD aLabelS+0xC - 0x9AE2; "\n"|206-28-0-0
39704|data|DCD aSS_0 - 0x9AE8; "%s%s'"|232-27-0-0
39708|data|DCD aNull - 0x9AF4; "(null)"|228-27-0-0
39712|data|DCD aS - 0x9AFE; "'%s"|226-27-0-0
39716|code|PUSH.W          {R4-R11,LR}|45-233-240-79
39720|code|MOV             R9, R0|129-70
39722|code|LDR.W           LR, =(unk_B278 - 0x9B38)|223-248-148-227
39726|code|MOV             R10, R1|138-70
39728|code|MOV             R11, R2|147-70
39730|code|SUB             SP, SP, #0xDC|183-176
39732|code|ADD             LR, PC; unk_B278|254-68
39734|code|ADD             R5, SP, #0xDC+var_88|21-173
39736|code|MOVS            R4, #1|1-36
39738|code|MOVS            R7, #0|0-39
39740|code|MOV             R6, LR|118-70
39742|code|MOV.W           R8, #4|79-240-4-8
39746|code|LDM             R6!, {R0-R3}|15-206
39748|code|ADD.W           R12, SP, #0xDC+var_10|13-241-204-12
39752|code|STR             R7, [SP,#0xDC+var_DC]|0-151
39754|code|ADD.W           LR, LR, #0x3C ; '<'|14-241-60-14
39758|code|STR             R7, [SP,#0xDC+var_A8]|13-151
39760|code|STR.W           R8, [SP,#0xDC+var_D4]|205-248-8-128
39764|code|STM             R5!, {R0-R3}|15-197
39766|code|LDM             R6!, {R0-R3}|15-206
39768|code|STR.W           R12, [SP,#0xDC+var_D8]|205-248-4-192
39772|code|ADD.W           R12, SP, #0xDC+var_8|13-241-212-12
39776|code|STR             R7, [SP,#0xDC+var_A4]|14-151
39778|code|MOVS            R7, #0x80|128-39
39780|code|STR.W           R12, [SP,#0xDC+var_CC]|205-248-16-192
39784|code|MOV.W           R12, #2|79-240-2-12
39788|code|STR             R7, [SP,#0xDC+var_A0]|15-151
39790|code|ADD             R7, SP, #0xD0|52-175
39792|code|STR.W           R12, [SP,#0xDC+var_C4]|205-248-24-192
39796|code|ADD.W           R12, SP, #0xDC+var_8+1|13-241-213-12
39800|code|STR             R7, [SP,#0xDC+var_9C]|16-151
39802|code|ADD             R7, SP, #0x90|36-175
39804|code|STR.W           R12, [SP,#0xDC+var_C0]|205-248-28-192
39808|code|MOV.W           R12, #0x170|79-244-184-124
39812|code|STR.W           R8, [SP,#0xDC+var_98]|205-248-68-128
39816|code|STR.W           R12, [SP,#0xDC+var_B8]|205-248-36-192
39820|code|ADD.W           R12, SP, #0xDC+var_8+2|13-241-214-12
39824|code|STR             R4, [SP,#0xDC+var_D0]|3-148
39826|code|STR.W           R12, [SP,#0xDC+var_B4]|205-248-40-192
39830|code|MOV.W           R12, #3|79-240-3-12
39834|code|STR             R4, [SP,#0xDC+var_C8]|5-148
39836|code|STR.W           R12, [SP,#0xDC+var_AC]|205-248-48-192
39840|code|MOV.W           R12, #0x86|79-240-134-12
39844|code|STR             R4, [SP,#0xDC+var_BC]|8-148
39846|code|STR.W           R12, [SP,#0xDC+var_94]|205-248-72-192
39850|code|ADD.W           R12, SP, #0xDC+var_8+3|13-241-215-12
39854|code|STR             R4, [SP,#0xDC+var_B0]|11-148
39856|code|STR.W           R12, [SP,#0xDC+var_90]|205-248-76-192
39860|code|STR             R4, [SP,#0xDC+var_8C]|20-148
39862|code|STM             R5!, {R0-R3}|15-197
39864|code|LDM             R6!, {R0-R3}|15-206
39866|code|STM             R5!, {R0-R3}|15-197
39868|code|LDM.W           R6, {R0-R2}|150-232-7-0
39872|code|STM.W           R5, {R0-R2}|133-232-7-0
39876|code|LDM.W           LR!, {R0-R3}|190-232-15-0
39880|code|STM             R7!, {R0-R3}|15-199
39882|code|LDM.W           LR!, {R0-R3}|190-232-15-0
39886|code|STM             R7!, {R0-R3}|15-199
39888|code|LDM.W           LR!, {R0-R3}|190-232-15-0
39892|code|STM             R7!, {R0-R3}|15-199
39894|code|MOVS            R3, #7|7-35
39896|code|LDM.W           LR, {R0-R2}|158-232-7-0
39900|code|STM.W           R7, {R0-R2}|135-232-7-0
39904|code|MOV             R0, R9|72-70
39906|code|MOV             R1, R10|81-70
39908|code|MOV             R2, SP|106-70
39910|code|BL              sub_9984|255-247-205-254
39914|code|MOVS            R3, R0|3-28
39916|code|MOV             R6, R0|6-70
39918|code|IT NE|24-191
39920|code|MOVNE           R3, #1|1-35
39922|code|CMP             R0, #0x12|18-40
39924|code|ITE EQ|12-191
39926|code|MOVEQ           R3, #0|0-35
39928|code|ANDNE.W         R3, R3, #1|3-240-1-3
39932|code|CMP             R3, #0|0-43
39934|code|BNE.W           loc_9D32|64-240-152-128
39938|code|LDR             R5, [SP,#0xDC+var_A4]|14-157
39940|code|CMP             R5, #0|0-45
39942|code|BNE.W           loc_9D42|64-240-156-128
39946|code|LDR             R3, [SP,#0xDC+var_C]|52-155
39948|code|CMP             R3, #0|0-43
39950|code|BNE.W           loc_9D3A|64-240-148-128
39954|code|ADD             R4, SP, #0xDC+var_88|21-172
39956|code|MOVS            R3, #5|5-35
39958|code|MOV             R0, R9|72-70
39960|code|MOV             R1, R10|81-70
39962|code|MOV             R2, R4|34-70
39964|code|BL              sub_9984|255-247-178-254
39968|code|MOVS            R3, R0|3-28
39970|code|MOV             R6, R0|6-70
39972|code|IT NE|24-191
39974|code|MOVNE           R3, #1|1-35
39976|code|CMP             R0, #0x12|18-40
39978|code|ITE EQ|12-191
39980|code|MOVEQ           R3, #0|0-35
39982|code|ANDNE.W         R3, R3, #1|3-240-1-3
39986|code|CMP             R3, #0|0-43
39988|code|BNE             loc_9D32|125-209
39990|code|MOV             R6, R3|30-70
39992|code|B               loc_9C3E|1-224
39994|code|CMP             R6, #0x3C ; '<'|60-46
39996|code|BEQ             loc_9C54|10-208
39998|code|ADDS            R7, R4, R6|167-25
40000|code|ADDS            R6, #0xC|12-54
40002|code|LDR             R1, [R7,#0xC+size]; size|185-104
40004|code|CMP             R1, #0|0-41
40006|code|BEQ             loc_9C3A|248-208
40008|code|MOVS            R0, #1; nmemb|1-32
40010|code|BLX             calloc|255-247-98-232
40014|code|CMP             R6, #0x3C ; '<'|60-46
40016|code|STR             R0, [R7,#0xC+var_8]|120-96
40018|code|BNE             loc_9C3E|244-209
40020|code|MOVS            R3, #5|5-35
40022|code|MOV             R0, R9|72-70
40024|code|MOV             R1, R10|81-70
40026|code|MOV             R2, R4|34-70
40028|code|BL              sub_9984|255-247-146-254
40032|code|MOVS            R3, R0|3-28
40034|code|MOV             R6, R0|6-70
40036|code|IT NE|24-191
40038|code|MOVNE           R3, #1|1-35
40040|code|CMP             R0, #0x12|18-40
40042|code|ITE EQ|12-191
40044|code|MOVEQ           R3, #0|0-35
40046|code|ANDNE.W         R3, R3, #1|3-240-1-3
40050|code|CMP             R3, #0|0-43
40052|code|BNE             loc_9D32|93-209
40054|code|CMP.W           R11, #0|187-241-0-15
40058|code|BEQ             loc_9D7A|126-208
40060|code|LDR             R0, =(aCertificateObj - 0x9C82); "Certificate Object\n"|145-72
40062|code|ADD             R0, PC; "Certificate Object\n"|120-68
40064|code|BL              sub_A8D8|0-240-42-254
40068|code|LDR             R1, [SP,#0xDC+var_C]|52-153
40070|code|CMP             R1, #0|0-41
40072|code|BNE.W           loc_9DDC|64-240-168-128
40076|code|LDR             R0, =(aX509Certificat - 0x9C92); "\tX509 Certificate\n"|142-72
40078|code|ADD             R0, PC; "\tX509 Certificate\n"|120-68
40080|code|BL              sub_A8D8|0-240-34-254
40084|code|LDR             R3, [SP,#0xDC+var_C8]|5-155
40086|code|CBZ             R3, loc_9CAE|83-177
40088|code|LDR             R1, =(aTrue - 0x9CA2); "true"|140-73
40090|code|LDRB.W          R3, [SP,#0xDC+var_8]|157-248-212-48
40094|code|ADD             R1, PC; "true"|121-68
40096|code|CMP             R3, #0|0-43
40098|code|BEQ.W           loc_9E10|0-240-181-128
40102|code|LDR             R0, =(aTokenObjectS - 0x9CAC); "\tToken Object: %s\n"|138-72
40104|code|ADD             R0, PC; "\tToken Object: %s\n"|120-68
40106|code|BL              sub_A8D8|0-240-21-254
40110|code|LDR             R3, [SP,#0xDC+var_BC]|8-155
40112|code|CBZ             R3, loc_9CC8|83-177
40114|code|LDR             R1, =(aTrue - 0x9CBC); "true"|136-73
40116|code|LDRB.W          R3, [SP,#0xDC+var_8+1]|157-248-213-48
40120|code|ADD             R1, PC; "true"|121-68
40122|code|CMP             R3, #0|0-43
40124|code|BEQ.W           loc_9E0A|0-240-165-128
40128|code|LDR             R0, =(aPrivateObjectS - 0x9CC6); "\tPrivate Object: %s\n"|133-72
40130|code|ADD             R0, PC; "\tPrivate Object: %s\n"|120-68
40132|code|BL              sub_A8D8|0-240-8-254
40136|code|LDR             R3, [SP,#0xDC+var_B0]|11-155
40138|code|CBZ             R3, loc_9CE2|83-177
40140|code|LDR             R1, =(aTrue - 0x9CD6); "true"|131-73
40142|code|LDRB.W          R3, [SP,#0xDC+var_8+2]|157-248-214-48
40146|code|ADD             R1, PC; "true"|121-68
40148|code|CMP             R3, #0|0-43
40150|code|BEQ.W           loc_9E04|0-240-149-128
40154|code|LDR             R0, =(aModifiableObje - 0x9CE0); "\tModifiable Object: %s\n"|129-72
40156|code|ADD             R0, PC; "\tModifiable Object: %s\n"|120-68
40158|code|BL              sub_A8D8|0-240-251-253
40162|code|LDR             R3, [SP,#0xDC+var_A4]|14-155
40164|code|CMP             R3, #0|0-43
40166|code|BNE.W           loc_9EA6|64-240-222-128
40170|code|LDR             R3, [SP,#0xDC+var_98]|17-155
40172|code|CBZ             R3, loc_9D04|83-177
40174|code|LDR             R1, =(aTrue - 0x9CF8); "true"|125-73
40176|code|LDRB.W          R3, [SP,#0xDC+var_8+3]|157-248-215-48
40180|code|ADD             R1, PC; "true"|121-68
40182|code|CMP             R3, #0|0-43
40184|code|BEQ.W           loc_9DFE|0-240-129-128
40188|code|LDR             R0, =(aTrustedS - 0x9D02); "\tTrusted: %s\n"|122-72
40190|code|ADD             R0, PC; "\tTrusted: %s\n"|120-68
40192|code|BL              sub_A8D8|0-240-234-253
40196|code|LDR             R3, [SP,#0xDC+var_C]|52-155
40198|code|CMP             R3, #0|0-43
40200|code|BNE             loc_9DAE|81-209
40202|code|LDR             R3, [SP,#0xDC+var_80]|23-155
40204|code|CMP             R3, #0|0-43
40206|code|BNE.W           loc_9E98|64-240-195-128
40210|code|LDR             R3, [SP,#0xDC+var_74]|26-155
40212|code|CMP             R3, #0|0-43
40214|code|BNE.W           loc_9E78|64-240-175-128
40218|code|LDR             R3, [SP,#0xDC+var_68]|29-155
40220|code|CMP             R3, #0|0-43
40222|code|BNE.W           loc_9E6A|64-240-164-128
40226|code|LDR             R3, [SP,#0xDC+var_5C]|32-155
40228|code|CMP             R3, #0|0-43
40230|code|BNE.W           loc_9E5C|64-240-153-128
40234|code|LDR             R3, [SP,#0xDC+var_50]|35-155
40236|code|CMP             R3, #0|0-43
40238|code|BNE.W           loc_9E4E|64-240-142-128
40242|code|MOV             R0, R6|48-70
40244|code|ADD             SP, SP, #0xDC|55-176
40246|code|POP.W           {R4-R11,PC}|189-232-240-143
40250|code|CMP             R3, #1|1-43
40252|code|BNE             loc_9C76|155-209
40254|code|ADD             R4, SP, #0xDC+var_4C|36-172
40256|code|B               loc_9C14|104-231
40258|code|ADDS            R1, R5, R4; size|41-25
40260|code|MOV             R0, R4; nmemb|32-70
40262|code|BLX             calloc|254-247-228-239
40266|code|MOVS            R3, #7|7-35
40268|code|MOV             R1, R10|81-70
40270|code|MOV             R2, SP|106-70
40272|code|MOV             R5, R0|5-70
40274|code|MOV             R0, R9|72-70
40276|code|STR             R5, [SP,#0xDC+var_A8]|13-149
40278|code|BL              sub_9984|255-247-21-254
40282|code|MOVS            R3, R0|3-28
40284|code|MOV             R6, R0|6-70
40286|code|IT NE|24-191
40288|code|MOVNE           R3, #1|1-35
40290|code|CMP             R0, #0x12|18-40
40292|code|ITE EQ|12-191
40294|code|MOVEQ           R3, #0|0-35
40296|code|ANDNE.W         R3, R3, #1|3-240-1-3
40300|code|CMP             R3, #0|0-43
40302|code|BNE             loc_9D32|224-209
40304|code|LDR             R3, [SP,#0xDC+var_C]|52-155
40306|code|CMP             R3, #0|0-43
40308|code|BEQ.W           loc_9C12|63-244-77-175
40312|code|B               loc_9D3A|223-231
40314|code|LDR             R0, =(aCertificate - 0x9D80); "Certificate: "|92-72
40316|code|ADD             R0, PC; "Certificate: "|120-68
40318|code|BL              sub_A8D8|0-240-171-253
40322|code|LDR             R1, [SP,#0xDC+var_C]|52-153
40324|code|CBNZ            R1, loc_9DA0|97-185
40326|code|LDR             R0, =(aTypeX509Public - 0x9D8C); "Type: X509 Public Key"|90-72
40328|code|ADD             R0, PC; "Type: X509 Public Key"|120-68
40330|code|BL              sub_A8D8|0-240-165-253
40334|code|LDR             R3, [SP,#0xDC+var_A4]|14-155
40336|code|CMP             R3, #0|0-43
40338|code|BNE.W           loc_9EB2|64-240-142-128
40342|code|LDR             R0, =(aLabelS+0xC - 0x9D9C); "\n"|87-72
40344|code|ADD             R0, PC; "\n"|120-68
40346|code|BL              sub_A8D8|0-240-157-253
40350|code|B               loc_9D32|200-231
40352|code|CMP             R1, #1|1-41
40354|code|BEQ             loc_9DEA|34-208
40356|code|LDR             R0, =(aUnknownType08x - 0x9DAA); "Unknown Type (%08x)"|84-72
40358|code|ADD             R0, PC; "Unknown Type (%08x)"|120-68
40360|code|BL              sub_A8D8|0-240-150-253
40364|code|B               loc_9D8E|239-231
40366|code|CMP             R3, #1|1-43
40368|code|BNE             loc_9D32|191-209
40370|code|LDR             R3, [SP,#0xDC+var_44]|38-155
40372|code|CMP             R3, #0|0-43
40374|code|BNE             loc_9E40|67-209
40376|code|LDR             R3, [SP,#0xDC+var_38]|41-155
40378|code|CMP             R3, #0|0-43
40380|code|BNE             loc_9E32|57-209
40382|code|LDR             R3, [SP,#0xDC+var_2C]|44-155
40384|code|CMP             R3, #0|0-43
40386|code|BNE             loc_9E24|47-209
40388|code|LDR             R3, [SP,#0xDC+var_20]|47-155
40390|code|CBNZ            R3, loc_9E16|51-187
40392|code|LDR             R3, [SP,#0xDC+var_14]|50-155
40394|code|CMP             R3, #0|0-43
40396|code|BEQ             loc_9D32|177-208
40398|code|LDR             R0, =(aValue - 0x9DD8); "Value: "|75-72
40400|code|ADD             R1, SP, #0xDC+var_1C|48-169
40402|code|MOV             R2, R11|90-70
40404|code|ADD             R0, PC; "Value: "|120-68
40406|code|BL              sub_9ACC|255-247-121-254
40410|code|B               loc_9D32|170-231
40412|code|CMP             R1, #1|1-41
40414|code|BEQ             loc_9DF4|9-208
40416|code|LDR             R0, =(aUnknownCertifi - 0x9DE6); "\tUnknown Certificate Type (%08x)\n"|71-72
40418|code|ADD             R0, PC; "\tUnknown Certificate Type (%08x)\n"|120-68
40420|code|BL              sub_A8D8|0-240-120-253
40424|code|B               loc_9C94|84-231
40426|code|LDR             R0, =(aTypeX509Attrib - 0x9DF0); "Type: X509 Attribute"|70-72
40428|code|ADD             R0, PC; "Type: X509 Attribute"|120-68
40430|code|BL              sub_A8D8|0-240-115-253
40434|code|B               loc_9D8E|204-231
40436|code|LDR             R0, =(aX509AttributeC - 0x9DFA); "\tX509 Attribute Certificate\n"|68-72
40438|code|ADD             R0, PC; "\tX509 Attribute Certificate\n"|120-68
40440|code|BL              sub_A8D8|0-240-110-253
40444|code|B               loc_9C94|74-231
40446|code|LDR             R1, =(aFalse - 0x9E04); "false"|67-73
40448|code|ADD             R1, PC; "false"|121-68
40450|code|B               loc_9CFC|123-231
40452|code|LDR             R1, =(aFalse - 0x9E0A); "false"|66-73
40454|code|ADD             R1, PC; "false"|121-68
40456|code|B               loc_9CDA|103-231
40458|code|LDR             R1, =(aFalse - 0x9E10); "false"|66-73
40460|code|ADD             R1, PC; "false"|121-68
40462|code|B               loc_9CC0|87-231
40464|code|LDR             R1, =(aFalse - 0x9E16); "false"|65-73
40466|code|ADD             R1, PC; "false"|121-68
40468|code|B               loc_9CA6|71-231
40470|code|LDR             R0, =(aAttributeTypes - 0x9E20); "Attribute Types: "|65-72
40472|code|ADD             R1, SP, #0xDC+var_28|45-169
40474|code|MOV             R2, R11|90-70
40476|code|ADD             R0, PC; "Attribute Types: "|120-68
40478|code|BL              sub_9ACC|255-247-85-254
40482|code|B               loc_9DC8|209-231
40484|code|LDR             R0, =(aSerialNumber - 0x9E2E); "Serial Number: "|62-72
40486|code|ADD             R1, SP, #0xDC+var_34|42-169
40488|code|MOV             R2, R11|90-70
40490|code|ADD             R0, PC; "Serial Number: "|120-68
40492|code|BL              sub_9ACC|255-247-78-254
40496|code|B               loc_9DC4|200-231
40498|code|LDR             R0, =(aIssuer - 0x9E3C); "Issuer: "|60-72
40500|code|ADD             R1, SP, #0xDC+var_40|39-169
40502|code|MOV             R2, R11|90-70
40504|code|ADD             R0, PC; "Issuer: "|120-68
40506|code|BL              sub_9ACC|255-247-71-254
40510|code|B               loc_9DBE|190-231
40512|code|LDR             R0, =(aOwner - 0x9E4A); "Owner: "|57-72
40514|code|ADD             R1, SP, #0xDC+var_4C|36-169
40516|code|MOV             R2, R11|90-70
40518|code|ADD             R0, PC; "Owner: "|120-68
40520|code|BL              sub_9ACC|255-247-64-254
40524|code|B               loc_9DB8|180-231
40526|code|LDR             R0, =(aValue - 0x9E58); "Value: "|55-72
40528|code|ADD             R1, SP, #0xDC+var_58|33-169
40530|code|MOV             R2, R11|90-70
40532|code|ADD             R0, PC; "Value: "|120-68
40534|code|BL              sub_9ACC|255-247-57-254
40538|code|B               loc_9D32|106-231
40540|code|LDR             R0, =(aSerialNumber - 0x9E66); "Serial Number: "|52-72
40542|code|ADD             R1, SP, #0xDC+var_64|30-169
40544|code|MOV             R2, R11|90-70
40546|code|ADD             R0, PC; "Serial Number: "|120-68
40548|code|BL              sub_9ACC|255-247-50-254
40552|code|B               loc_9D2A|95-231
40554|code|LDR             R0, =(aIssuer - 0x9E74); "Issuer: "|50-72
40556|code|ADD             R1, SP, #0xDC+var_70|27-169
40558|code|MOV             R2, R11|90-70
40560|code|ADD             R0, PC; "Issuer: "|120-68
40562|code|BL              sub_9ACC|255-247-43-254
40566|code|B               loc_9D22|84-231
40568|code|LDR             R0, =(aIdS - 0x9E80); "\tId: '%s' ("|47-72
40570|code|LDR             R1, [SP,#0xDC+var_78]|25-153
40572|code|ADD             R0, PC; "\tId: '%s' ("|120-68
40574|code|BL              sub_A8D8|0-240-43-253
40578|code|LDR             R0, =(aSFailed0x08xLd+0x18 - 0x9E8C); ""|46-72
40580|code|MOVS            R2, #0|0-34
40582|code|ADD             R1, SP, #0xDC+var_7C|24-169
40584|code|ADD             R0, PC; ""|120-68
40586|code|BL              sub_9ACC|255-247-31-254
40590|code|LDR             R0, =(asc_B7DC - 0x9E94); ")\n"|44-72
40592|code|ADD             R0, PC; ")\n"|120-68
40594|code|BL              sub_A8D8|0-240-33-253
40598|code|B               loc_9D1A|64-231
40600|code|LDR             R0, =(aSubject - 0x9EA2); "Subject: "|42-72
40602|code|ADD             R1, SP, #0xDC+var_88|21-169
40604|code|MOV             R2, R11|90-70
40606|code|ADD             R0, PC; "Subject: "|120-68
40608|code|BL              sub_9ACC|255-247-20-254
40612|code|B               loc_9D12|53-231
40614|code|LDR             R0, =(aLabelS - 0x9EAE); "\tLabel: '%s'\n"|40-72
40616|code|MOV             R1, R5|41-70
40618|code|ADD             R0, PC; "\tLabel: '%s'\n"|120-68
40620|code|BL              sub_A8D8|0-240-20-253
40624|code|B               loc_9CEA|27-231
40626|code|LDR             R0, =(aLabelS_0 - 0x9EBA); ", Label: '%s'"|38-72
40628|code|MOV             R1, R5|41-70
40630|code|ADD             R0, PC; ", Label: '%s'"|120-68
40632|code|BL              sub_A8D8|0-240-14-253
40636|code|B               loc_9D96|107-231
40638|data|ALIGN 0x10|0-191
40640|data|DCD unk_B278 - 0x9B38|64-23-0-0
40644|data|DCD aCertificateObj - 0x9C82; "Certificate Object\n"|114-26-0-0
40648|data|DCD aX509Certificat - 0x9C92; "\tX509 Certificate\n"|118-26-0-0
40652|data|DCD aTrue - 0x9CA2; "true"|66-26-0-0
40656|data|DCD aTokenObjectS - 0x9CAC; "\tToken Object: %s\n"|180-26-0-0
40660|data|DCD aTrue - 0x9CBC; "true"|40-26-0-0
40664|data|DCD aPrivateObjectS - 0x9CC6; "\tPrivate Object: %s\n"|174-26-0-0
40668|data|DCD aTrue - 0x9CD6; "true"|14-26-0-0
40672|data|DCD aModifiableObje - 0x9CE0; "\tModifiable Object: %s\n"|172-26-0-0
40676|data|DCD aTrue - 0x9CF8; "true"|236-25-0-0
40680|data|DCD aTrustedS - 0x9D02; "\tTrusted: %s\n"|178-26-0-0
40684|data|DCD aCertificate - 0x9D80; "Certificate: "|160-26-0-0
40688|data|DCD aTypeX509Public - 0x9D8C; "Type: X509 Public Key"|164-26-0-0
40692|data|DCD aLabelS+0xC - 0x9D9C; "\n"|20-26-0-0
40696|data|DCD aUnknownType08x - 0x9DAA; "Unknown Type (%08x)"|182-26-0-0
40700|data|DCD aValue - 0x9DD8; "Value: "|36-26-0-0
40704|data|DCD aUnknownCertifi - 0x9DE6; "\tUnknown Certificate Type (%08x)\n"|86-25-0-0
40708|data|DCD aTypeX509Attrib - 0x9DF0; "Type: X509 Attribute"|88-26-0-0
40712|data|DCD aX509AttributeC - 0x9DFA; "\tX509 Attribute Certificate\n"|34-25-0-0
40716|data|DCD aFalse - 0x9E04; "false"|232-24-0-0
40720|data|DCD aFalse - 0x9E0A; "false"|226-24-0-0
40724|data|DCD aFalse - 0x9E10; "false"|220-24-0-0
40728|data|DCD aFalse - 0x9E16; "false"|214-24-0-0
40732|data|DCD aAttributeTypes - 0x9E20; "Attribute Types: "|236-25-0-0
40736|data|DCD aSerialNumber - 0x9E2E; "Serial Number: "|190-25-0-0
40740|data|DCD aIssuer - 0x9E3C; "Issuer: "|164-25-0-0
40744|data|DCD aOwner - 0x9E4A; "Owner: "|186-25-0-0
40748|data|DCD aValue - 0x9E58; "Value: "|164-25-0-0
40752|data|DCD aSerialNumber - 0x9E66; "Serial Number: "|134-25-0-0
40756|data|DCD aIssuer - 0x9E74; "Issuer: "|108-25-0-0
40760|data|DCD aIdS - 0x9E80; "\tId: '%s' ("|80-25-0-0
40764|data|DCD aSFailed0x08xLd+0x18 - 0x9E8C; ""|136-20-0-0
40768|data|DCD asc_B7DC - 0x9E94; ")\n"|72-25-0-0
40772|data|DCD aSubject - 0x9EA2; "Subject: "|34-25-0-0
40776|data|DCD aLabelS - 0x9EAE; "\tLabel: '%s'\n"|246-24-0-0
40780|data|DCD aLabelS_0 - 0x9EBA; ", Label: '%s'"|186-25-0-0
40784|code|PUSH.W          {R4-R9,LR}|45-233-240-67
40788|code|SUB             SP, SP, #0x74|157-176
40790|code|MOVS            R3, #8|8-35
40792|code|MOV             R9, R2|145-70
40794|code|ADD             R2, SP, #0x90+var_8C|1-170
40796|code|MOVS            R7, #0|0-39
40798|code|MOVS            R4, #1|1-36
40800|code|MOV.W           LR, #4|79-240-4-14
40804|code|ADD.W           R12, SP, #0x90+var_2C|13-241-100-12
40808|code|STR.W           LR, [SP,#0x90+var_84]|205-248-12-224
40812|code|STR.W           R12, [SP,#0x90+var_88]|205-248-8-192
40816|code|MOV             R6, R0|6-70
40818|code|ADD.W           R12, SP, #0x90+var_23|13-241-109-12
40822|code|STR.W           LR, [SP,#0x90+var_48]|205-248-72-224
40826|code|STR.W           R12, [SP,#0x90+var_7C]|205-248-20-192
40830|code|ADD.W           LR, LR, #0xFD|14-241-253-14
40834|code|MOV.W           R12, #2|79-240-2-12
40838|code|STR.W           LR, [SP,#0x90+var_44]|205-248-76-224
40842|code|STR.W           R12, [SP,#0x90+var_74]|205-248-28-192
40846|code|MOV.W           LR, #0x102|79-244-129-126
40850|code|ADD.W           R12, SP, #0x90+var_22|13-241-110-12
40854|code|MOV             R5, R1|13-70
40856|code|STR.W           R12, [SP,#0x90+var_70]|205-248-32-192
40860|code|MOV.W           R12, #0x170|79-244-184-124
40864|code|STR             R7, [SP,#0x90+var_8C]|1-151
40866|code|STR.W           R12, [SP,#0x90+var_68]|205-248-40-192
40870|code|ADD.W           R12, SP, #0x90+var_21|13-241-111-12
40874|code|STR             R4, [SP,#0x90+var_80]|4-148
40876|code|STR.W           R12, [SP,#0x90+var_64]|205-248-44-192
40880|code|MOV.W           R12, #3|79-240-3-12
40884|code|STR             R4, [SP,#0x90+var_78]|6-148
40886|code|STR.W           R12, [SP,#0x90+var_5C]|205-248-52-192
40890|code|MOV.W           R12, #0x100|79-244-128-124
40894|code|STR             R4, [SP,#0x90+var_6C]|9-148
40896|code|STR.W           R12, [SP,#0x90+var_50]|205-248-64-192
40900|code|ADD.W           R12, SP, #0x90+var_28|13-241-104-12
40904|code|STR             R4, [SP,#0x90+var_60]|12-148
40906|code|STR             R7, [SP,#0x90+var_58]|14-151
40908|code|STR             R7, [SP,#0x90+var_54]|15-151
40910|code|STR.W           R12, [SP,#0x90+var_4C]|205-248-68-192
40914|code|STR             R7, [SP,#0x90+var_40]|20-151
40916|code|STR             R7, [SP,#0x90+var_3C]|21-151
40918|code|STR.W           LR, [SP,#0x90+var_38]|205-248-88-224
40922|code|STR             R7, [SP,#0x90+var_34]|23-151
40924|code|STR             R7, [SP,#0x90+var_30]|24-151
40926|code|BL              sub_9984|255-247-209-252
40930|code|SUBS            R3, R0, R7|195-27
40932|code|MOV             R8, R0|128-70
40934|code|IT NE|24-191
40936|code|MOVNE           R3, #1|1-35
40938|code|CMP             R0, #0x12|18-40
40940|code|ITE EQ|12-191
40942|code|MOVEQ           R3, #0|0-35
40944|code|ANDNE.W         R3, R3, #1|3-240-1-3
40948|code|CMP             R3, #0|0-43
40950|code|BNE             loc_A062|52-209
40952|code|LDR             R7, [SP,#0x90+var_54]|15-159
40954|code|CMP             R7, #0|0-47
40956|code|BEQ             loc_A06A|53-208
40958|code|ADDS            R1, R7, #1; size|121-28
40960|code|MOV             R0, R4; nmemb|32-70
40962|code|BLX             calloc|254-247-134-238
40966|code|LDR             R1, [SP,#0x90+var_3C]|21-153
40968|code|LDR             R4, [SP,#0x90+var_30]|24-156
40970|code|MOV             R7, R0|7-70
40972|code|STR             R0, [SP,#0x90+var_58]|14-144
40974|code|CMP             R1, #0|0-41
40976|code|BNE             loc_A086|57-209
40978|code|CMP             R4, #0|0-44
40980|code|BNE             loc_A078|48-209
40982|code|MOVS            R3, #8|8-35
40984|code|MOV             R0, R6|48-70
40986|code|MOV             R1, R5|41-70
40988|code|ADD             R2, SP, #0x90+var_8C|1-170
40990|code|BL              sub_9984|255-247-177-252
40994|code|MOVS            R3, R0|3-28
40996|code|MOV             R8, R0|128-70
40998|code|IT NE|24-191
41000|code|MOVNE           R3, #1|1-35
41002|code|CMP             R0, #0x12|18-40
41004|code|ITE EQ|12-191
41006|code|MOVEQ           R3, #0|0-35
41008|code|ANDNE.W         R3, R3, #1|3-240-1-3
41012|code|CBNZ            R3, loc_A062|171-185
41014|code|CMP.W           R9, #0|185-241-0-15
41018|code|BNE             loc_A094|43-209
41020|code|LDR             R3, [SP,#0x90+var_2C]|25-155
41022|code|CMP             R3, #2|2-43
41024|code|BEQ             loc_A12E|117-208
41026|code|CMP             R3, #3|3-43
41028|code|BNE             loc_A04E|3-209
41030|code|LDR             R0, =(aPrivateKey - 0xA04C); "Private Key: "|83-72
41032|code|ADD             R0, PC; "Private Key: "|120-68
41034|code|BL              sub_A8D8|0-240-69-252
41038|code|LDR             R3, [SP,#0x90+var_48]|18-155
41040|code|CMP             R3, #0|0-43
41042|code|BNE             loc_A144|119-209
41044|code|LDR             R3, [SP,#0x90+var_54]|15-155
41046|code|CMP             R3, #0|0-43
41048|code|BNE             loc_A138|110-209
41050|code|LDR             R0, =(aLabelS+0xC - 0xA060); "\n"|79-72
41052|code|ADD             R0, PC; "\n"|120-68
41054|code|BL              sub_A8D8|0-240-59-252
41058|code|MOV             R0, R8|64-70
41060|code|ADD             SP, SP, #0x74 ; 't'|29-176
41062|code|POP.W           {R4-R9,PC}|189-232-240-131
41066|code|LDR             R1, [SP,#0x90+var_3C]|21-153
41068|code|CBNZ            R1, loc_A086|89-185
41070|code|LDR             R4, [SP,#0x90+var_30]|24-156
41072|code|MOV             R7, R4|39-70
41074|code|CMP             R4, #0|0-44
41076|code|BEQ             loc_A036|223-208
41078|code|MOV             R7, R1|15-70
41080|code|ADDS            R1, R4, #1; size|97-28
41082|code|MOVS            R0, #1; nmemb|1-32
41084|code|BLX             calloc|254-247-72-238
41088|code|MOV             R4, R0|4-70
41090|code|STR             R0, [SP,#0x90+var_34]|23-144
41092|code|B               loc_A016|199-231
41094|code|ADDS            R1, #1; size|1-49
41096|code|MOVS            R0, #1; nmemb|1-32
41098|code|BLX             calloc|254-247-66-238
41102|code|LDR             R4, [SP,#0x90+var_30]|24-156
41104|code|STR             R0, [SP,#0x90+var_40]|20-144
41106|code|B               loc_A012|190-231
41108|code|LDR             R0, =(aKeyObject - 0xA09A); "Key Object\n"|65-72
41110|code|ADD             R0, PC; "Key Object\n"|120-68
41112|code|BL              sub_A8D8|0-240-30-252
41116|code|LDR             R3, [SP,#0x90+var_2C]|25-155
41118|code|CMP             R3, #2|2-43
41120|code|BEQ             loc_A162|95-208
41122|code|CMP             R3, #3|3-43
41124|code|BNE             loc_A0AE|3-209
41126|code|LDR             R0, =(aPrivateKey_0 - 0xA0AC); "\tPrivate Key\n"|62-72
41128|code|ADD             R0, PC; "\tPrivate Key\n"|120-68
41130|code|BL              sub_A8D8|0-240-21-252
41134|code|LDR             R3, [SP,#0x90+var_78]|6-155
41136|code|CBZ             R3, loc_A0C6|75-177
41138|code|LDR             R1, =(aTrue - 0xA0BC); "true"|60-73
41140|code|LDRB.W          R3, [SP,#0x90+var_23]|157-248-109-48
41144|code|ADD             R1, PC; "true"|121-68
41146|code|CMP             R3, #0|0-43
41148|code|BEQ             loc_A15C|78-208
41150|code|LDR             R0, =(aTokenObjectS - 0xA0C4); "\tToken Object: %s\n"|58-72
41152|code|ADD             R0, PC; "\tToken Object: %s\n"|120-68
41154|code|BL              sub_A8D8|0-240-9-252
41158|code|LDR             R3, [SP,#0x90+var_6C]|9-155
41160|code|CBZ             R3, loc_A0DE|75-177
41162|code|LDR             R1, =(aTrue - 0xA0D4); "true"|56-73
41164|code|LDRB.W          R3, [SP,#0x90+var_22]|157-248-110-48
41168|code|ADD             R1, PC; "true"|121-68
41170|code|CMP             R3, #0|0-43
41172|code|BEQ             loc_A156|63-208
41174|code|LDR             R0, =(aPrivateObjectS - 0xA0DC); "\tPrivate Object: %s\n"|54-72
41176|code|ADD             R0, PC; "\tPrivate Object: %s\n"|120-68
41178|code|BL              sub_A8D8|0-240-253-251
41182|code|LDR             R3, [SP,#0x90+var_60]|12-155
41184|code|CBZ             R3, loc_A0F6|75-177
41186|code|LDR             R1, =(aTrue - 0xA0EC); "true"|52-73
41188|code|LDRB.W          R3, [SP,#0x90+var_21]|157-248-111-48
41192|code|ADD             R1, PC; "true"|121-68
41194|code|CMP             R3, #0|0-43
41196|code|BEQ             loc_A150|48-208
41198|code|LDR             R0, =(aModifiableObje - 0xA0F4); "\tModifiable Object: %s\n"|50-72
41200|code|ADD             R0, PC; "\tModifiable Object: %s\n"|120-68
41202|code|BL              sub_A8D8|0-240-241-251
41206|code|LDR             R3, [SP,#0x90+var_54]|15-155
41208|code|CMP             R3, #0|0-43
41210|code|BNE             loc_A186|68-209
41212|code|LDR             R3, [SP,#0x90+var_48]|18-155
41214|code|CMP             R3, #0|0-43
41216|code|BNE             loc_A17A|59-209
41218|code|LDR             R3, [SP,#0x90+var_3C]|21-155
41220|code|CMP             R3, #0|0-43
41222|code|BNE             loc_A16C|49-209
41224|code|LDR             R3, [SP,#0x90+var_30]|24-155
41226|code|CMP             R3, #0|0-43
41228|code|BEQ             loc_A062|169-208
41230|code|LDR             R0, =(aIdS - 0xA116); "\tId: '%s' ("|43-72
41232|code|MOV             R1, R4|33-70
41234|code|ADD             R0, PC; "\tId: '%s' ("|120-68
41236|code|BL              sub_A8D8|0-240-224-251
41240|code|LDR             R0, =(aSFailed0x08xLd+0x18 - 0xA122); ""|41-72
41242|code|MOVS            R2, #0|0-34
41244|code|ADD             R1, SP, #0x90+var_38|22-169
41246|code|ADD             R0, PC; ""|120-68
41248|code|BL              sub_9ACC|255-247-212-252
41252|code|LDR             R0, =(asc_B7DC - 0xA12A); ")\n"|39-72
41254|code|ADD             R0, PC; ")\n"|120-68
41256|code|BL              sub_A8D8|0-240-214-251
41260|code|B               loc_A062|153-231
41262|code|LDR             R0, =(aPublicKey - 0xA134); "Public Key: "|38-72
41264|code|ADD             R0, PC; "Public Key: "|120-68
41266|code|BL              sub_A8D8|0-240-209-251
41270|code|B               loc_A04E|138-231
41272|code|LDR             R0, =(aLabelS_0 - 0xA140); ", Label: '%s'"|36-72
41274|code|MOV             R1, R7|57-70
41276|code|ADD             R0, PC; ", Label: '%s'"|120-68
41278|code|BL              sub_A8D8|0-240-203-251
41282|code|B               loc_A05A|138-231
41284|code|LDR             R0, =(aTypeLd - 0xA14C); "Type: %ld"|34-72
41286|code|LDR             R1, [SP,#0x90+var_28]|26-153
41288|code|ADD             R0, PC; "Type: %ld"|120-68
41290|code|BL              sub_A8D8|0-240-197-251
41294|code|B               loc_A054|129-231
41296|code|LDR             R1, =(aFalse - 0xA156); "false"|32-73
41298|code|ADD             R1, PC; "false"|121-68
41300|code|B               loc_A0EE|203-231
41302|code|LDR             R1, =(aFalse - 0xA15C); "false"|32-73
41304|code|ADD             R1, PC; "false"|121-68
41306|code|B               loc_A0D6|188-231
41308|code|LDR             R1, =(aFalse - 0xA162); "false"|31-73
41310|code|ADD             R1, PC; "false"|121-68
41312|code|B               loc_A0BE|173-231
41314|code|LDR             R0, =(aPublicKey_0 - 0xA168); "\tPublic Key\n"|31-72
41316|code|ADD             R0, PC; "\tPublic Key\n"|120-68
41318|code|BL              sub_A8D8|0-240-183-251
41322|code|B               loc_A0AE|160-231
41324|code|LDR             R0, =(aSubject - 0xA176); "Subject: "|29-72
41326|code|ADD             R1, SP, #0x90+var_44|19-169
41328|code|MOV             R2, R9|74-70
41330|code|ADD             R0, PC; "Subject: "|120-68
41332|code|BL              sub_9ACC|255-247-170-252
41336|code|B               loc_A108|198-231
41338|code|LDR             R0, =(aTypeLd_0 - 0xA182); "\tType: %ld\n"|27-72
41340|code|LDR             R1, [SP,#0x90+var_28]|26-153
41342|code|ADD             R0, PC; "\tType: %ld\n"|120-68
41344|code|BL              sub_A8D8|0-240-170-251
41348|code|B               loc_A102|189-231
41350|code|LDR             R0, =(aLabelS - 0xA18E); "\tLabel: '%s'\n"|25-72
41352|code|MOV             R1, R7|57-70
41354|code|ADD             R0, PC; "\tLabel: '%s'\n"|120-68
41356|code|BL              sub_A8D8|0-240-164-251
41360|code|B               loc_A0FC|180-231
41362|data|ALIGN 4|0-191
41364|data|DCD aPrivateKey - 0xA04C; "Private Key: "|128-24-0-0
41368|data|DCD aLabelS+0xC - 0xA060; "\n"|80-23-0-0
41372|data|DCD aKeyObject - 0xA09A; "Key Object\n"|234-23-0-0
41376|data|DCD aPrivateKey_0 - 0xA0AC; "\tPrivate Key\n"|244-23-0-0
41380|data|DCD aTrue - 0xA0BC; "true"|40-22-0-0
41384|data|DCD aTokenObjectS - 0xA0C4; "\tToken Object: %s\n"|156-22-0-0
41388|data|DCD aTrue - 0xA0D4; "true"|16-22-0-0
41392|data|DCD aPrivateObjectS - 0xA0DC; "\tPrivate Object: %s\n"|152-22-0-0
41396|data|DCD aTrue - 0xA0EC; "true"|248-21-0-0
41400|data|DCD aModifiableObje - 0xA0F4; "\tModifiable Object: %s\n"|152-22-0-0
41404|data|DCD aIdS - 0xA116; "\tId: '%s' ("|186-22-0-0
41408|data|DCD aSFailed0x08xLd+0x18 - 0xA122; ""|242-17-0-0
41412|data|DCD asc_B7DC - 0xA12A; ")\n"|178-22-0-0
41416|data|DCD aPublicKey - 0xA134; "Public Key: "|136-23-0-0
41420|data|DCD aLabelS_0 - 0xA140; ", Label: '%s'"|52-23-0-0
41424|data|DCD aTypeLd - 0xA14C; "Type: %ld"|144-23-0-0
41428|data|DCD aFalse - 0xA156; "false"|150-21-0-0
41432|data|DCD aFalse - 0xA15C; "false"|144-21-0-0
41436|data|DCD aFalse - 0xA162; "false"|138-21-0-0
41440|data|DCD aPublicKey_0 - 0xA168; "\tPublic Key\n"|40-23-0-0
41444|data|DCD aSubject - 0xA176; "Subject: "|78-22-0-0
41448|data|DCD aTypeLd_0 - 0xA182; "\tType: %ld\n"|46-23-0-0
41452|data|DCD aLabelS - 0xA18E; "\tLabel: '%s'\n"|22-22-0-0
41456|code|PUSH.W          {R4-R8,LR}|45-233-240-65
41460|code|SUB             SP, SP, #0x58|150-176
41462|code|MOVS            R3, #6|6-35
41464|code|MOV             R8, R2|144-70
41466|code|ADD             R2, SP, #0x58+var_54|1-170
41468|code|MOVS            R4, #1|1-36
41470|code|MOVS            R7, #0|0-39
41472|code|MOV.W           LR, #4|79-240-4-14
41476|code|STR             R7, [SP,#0x58+var_54]|1-151
41478|code|ADD.W           R12, SP, #0x58+var_C|13-241-76-12
41482|code|STR             R7, [SP,#0x58+var_20]|14-151
41484|code|MOV             R5, R0|5-70
41486|code|STR.W           R12, [SP,#0x58+var_50]|205-248-8-192
41490|code|MOV             R6, R1|14-70
41492|code|ADD.W           R12, SP, #0x58+var_3|13-241-85-12
41496|code|STR             R7, [SP,#0x58+var_1C]|15-151
41498|code|STR.W           R12, [SP,#0x58+var_44]|205-248-20-192
41502|code|MOV.W           R7, #0x100|79-244-128-119
41506|code|MOV.W           R12, #2|79-240-2-12
41510|code|STR             R7, [SP,#0x58+var_18]|16-151
41512|code|STR.W           R12, [SP,#0x58+var_3C]|205-248-28-192
41516|code|ADD             R7, SP, #0x50|20-175
41518|code|ADD.W           R12, SP, #0x58+var_2|13-241-86-12
41522|code|STR             R7, [SP,#0x58+var_14]|17-151
41524|code|STR.W           R12, [SP,#0x58+var_38]|205-248-32-192
41528|code|MOV.W           R12, #0x170|79-244-184-124
41532|code|STR.W           LR, [SP,#0x58+var_4C]|205-248-12-224
41536|code|STR.W           R12, [SP,#0x58+var_30]|205-248-40-192
41540|code|ADD.W           R12, SP, #0x58+var_1|13-241-87-12
41544|code|STR             R4, [SP,#0x58+var_48]|4-148
41546|code|STR.W           R12, [SP,#0x58+var_2C]|205-248-44-192
41550|code|MOV.W           R12, #3|79-240-3-12
41554|code|STR             R4, [SP,#0x58+var_40]|6-148
41556|code|STR             R4, [SP,#0x58+var_34]|9-148
41558|code|STR             R4, [SP,#0x58+var_28]|12-148
41560|code|STR.W           R12, [SP,#0x58+var_24]|205-248-52-192
41564|code|STR.W           LR, [SP,#0x58+var_10]|205-248-72-224
41568|code|BL              sub_9984|255-247-144-251
41572|code|MOVS            R3, R0|3-28
41574|code|MOV             R7, R0|7-70
41576|code|IT NE|24-191
41578|code|MOVNE           R3, #1|1-35
41580|code|CMP             R0, #0x12|18-40
41582|code|ITE EQ|12-191
41584|code|MOVEQ           R3, #0|0-35
41586|code|ANDNE.W         R3, R3, #1|3-240-1-3
41590|code|CBNZ            R3, loc_A29E|147-185
41592|code|LDR             R1, [SP,#0x58+var_1C]|15-153
41594|code|CBNZ            R1, loc_A2A6|161-185
41596|code|MOV             R4, R1|12-70
41598|code|CMP.W           R8, #0|184-241-0-15
41602|code|BNE             loc_A2DA|42-209
41604|code|LDR             R3, [SP,#0x58+var_C]|19-155
41606|code|CMP             R3, #4|4-43
41608|code|BEQ             loc_A344|92-208
41610|code|LDR             R3, [SP,#0x58+var_10]|18-155
41612|code|CMP             R3, #0|0-43
41614|code|BNE             loc_A352|96-209
41616|code|LDR             R3, [SP,#0x58+var_1C]|15-155
41618|code|CMP             R3, #0|0-43
41620|code|BNE             loc_A362|101-209
41622|code|LDR             R0, =(aLabelS+0xC - 0xA29C); "\n"|64-72
41624|code|ADD             R0, PC; "\n"|120-68
41626|code|BL              sub_A8D8|0-240-29-251
41630|code|MOV             R0, R7|56-70
41632|code|ADD             SP, SP, #0x58 ; 'X'|22-176
41634|code|POP.W           {R4-R8,PC}|189-232-240-129
41638|code|ADDS            R1, R1, R4; size|9-25
41640|code|MOV             R0, R4; nmemb|32-70
41642|code|BLX             calloc|254-247-50-237
41646|code|MOVS            R3, #6|6-35
41648|code|MOV             R1, R6|49-70
41650|code|ADD             R2, SP, #0x58+var_54|1-170
41652|code|MOV             R4, R0|4-70
41654|code|MOV             R0, R5|40-70
41656|code|STR             R4, [SP,#0x58+var_20]|14-148
41658|code|BL              sub_9984|255-247-99-251
41662|code|MOVS            R3, R0|3-28
41664|code|MOV             R7, R0|7-70
41666|code|IT NE|24-191
41668|code|MOVNE           R3, #1|1-35
41670|code|CMP             R0, #0x12|18-40
41672|code|ITE EQ|12-191
41674|code|MOVEQ           R3, #0|0-35
41676|code|ANDNE.W         R3, R3, #1|3-240-1-3
41680|code|CMP             R3, #0|0-43
41682|code|BNE             loc_A29E|228-209
41684|code|CMP.W           R8, #0|184-241-0-15
41688|code|BEQ             loc_A284|212-208
41690|code|LDR             R0, =(aKeyObject - 0xA2E0); "Key Object\n"|48-72
41692|code|ADD             R0, PC; "Key Object\n"|120-68
41694|code|BL              sub_A8D8|0-240-251-250
41698|code|LDR             R3, [SP,#0x58+var_C]|19-155
41700|code|CMP             R3, #4|4-43
41702|code|BEQ             loc_A38C|81-208
41704|code|LDR             R3, [SP,#0x58+var_40]|6-155
41706|code|CBZ             R3, loc_A300|75-177
41708|code|LDR             R1, =(aTrue - 0xA2F6); "true"|44-73
41710|code|LDRB.W          R3, [SP,#0x58+var_3]|157-248-85-48
41714|code|ADD             R1, PC; "true"|121-68
41716|code|CMP             R3, #0|0-43
41718|code|BEQ             loc_A37A|64-208
41720|code|LDR             R0, =(aTokenObjectS - 0xA2FE); "\tToken Object: %s\n"|42-72
41722|code|ADD             R0, PC; "\tToken Object: %s\n"|120-68
41724|code|BL              sub_A8D8|0-240-236-250
41728|code|LDR             R3, [SP,#0x58+var_34]|9-155
41730|code|CBZ             R3, loc_A318|75-177
41732|code|LDR             R1, =(aTrue - 0xA30E); "true"|40-73
41734|code|LDRB.W          R3, [SP,#0x58+var_2]|157-248-86-48
41738|code|ADD             R1, PC; "true"|121-68
41740|code|CMP             R3, #0|0-43
41742|code|BEQ             loc_A374|49-208
41744|code|LDR             R0, =(aPrivateObjectS - 0xA316); "\tPrivate Object: %s\n"|38-72
41746|code|ADD             R0, PC; "\tPrivate Object: %s\n"|120-68
41748|code|BL              sub_A8D8|0-240-224-250
41752|code|LDR             R3, [SP,#0x58+var_28]|12-155
41754|code|CBZ             R3, loc_A32E|67-177
41756|code|LDR             R1, =(aTrue - 0xA326); "true"|36-73
41758|code|LDRB.W          R3, [SP,#0x58+var_1]|157-248-87-48
41762|code|ADD             R1, PC; "true"|121-68
41764|code|CBZ             R3, loc_A36E|27-179
41766|code|LDR             R0, =(aModifiableObje - 0xA32C); "\tModifiable Object: %s\n"|35-72
41768|code|ADD             R0, PC; "\tModifiable Object: %s\n"|120-68
41770|code|BL              sub_A8D8|0-240-213-250
41774|code|LDR             R3, [SP,#0x58+var_1C]|15-155
41776|code|CBNZ            R3, loc_A380|51-187
41778|code|LDR             R3, [SP,#0x58+var_10]|18-155
41780|code|CMP             R3, #0|0-43
41782|code|BEQ             loc_A29E|178-208
41784|code|LDR             R0, =(aTypeLd_0 - 0xA340); "\tType: %ld\n"|31-72
41786|code|LDR             R1, [SP,#0x58+var_8]|20-153
41788|code|ADD             R0, PC; "\tType: %ld\n"|120-68
41790|code|BL              sub_A8D8|0-240-203-250
41794|code|B               loc_A29E|172-231
41796|code|LDR             R0, =(aSecretKey - 0xA34A); "Secret Key: "|29-72
41798|code|ADD             R0, PC; "Secret Key: "|120-68
41800|code|BL              sub_A8D8|0-240-198-250
41804|code|LDR             R3, [SP,#0x58+var_10]|18-155
41806|code|CMP             R3, #0|0-43
41808|code|BEQ             loc_A290|158-208
41810|code|LDR             R0, =(aTypeLd - 0xA35A); "Type: %ld"|27-72
41812|code|LDR             R1, [SP,#0x58+var_8]|20-153
41814|code|ADD             R0, PC; "Type: %ld"|120-68
41816|code|BL              sub_A8D8|0-240-190-250
41820|code|LDR             R3, [SP,#0x58+var_1C]|15-155
41822|code|CMP             R3, #0|0-43
41824|code|BEQ             loc_A296|153-208
41826|code|LDR             R0, =(aLabelS_0 - 0xA36A); ", Label: '%s'"|24-72
41828|code|MOV             R1, R4|33-70
41830|code|ADD             R0, PC; ", Label: '%s'"|120-68
41832|code|BL              sub_A8D8|0-240-182-250
41836|code|B               loc_A296|147-231
41838|code|LDR             R1, =(aFalse - 0xA374); "false"|22-73
41840|code|ADD             R1, PC; "false"|121-68
41842|code|B               loc_A326|216-231
41844|code|LDR             R1, =(aFalse - 0xA37A); "false"|21-73
41846|code|ADD             R1, PC; "false"|121-68
41848|code|B               loc_A310|202-231
41850|code|LDR             R1, =(aFalse - 0xA380); "false"|21-73
41852|code|ADD             R1, PC; "false"|121-68
41854|code|B               loc_A2F8|187-231
41856|code|LDR             R0, =(aLabelS - 0xA388); "\tLabel: '%s'\n"|20-72
41858|code|MOV             R1, R4|33-70
41860|code|ADD             R0, PC; "\tLabel: '%s'\n"|120-68
41862|code|BL              sub_A8D8|0-240-167-250
41866|code|B               loc_A332|210-231
41868|code|LDR             R0, =(aSecretKey_0 - 0xA392); "\tSecret Key\n"|18-72
41870|code|ADD             R0, PC; "\tSecret Key\n"|120-68
41872|code|BL              sub_A8D8|0-240-162-250
41876|code|B               loc_A2E8|168-231
41878|data|ALIGN 4|0-191
41880|data|DCD aLabelS+0xC - 0xA29C; "\n"|20-21-0-0
41884|data|DCD aKeyObject - 0xA2E0; "Key Object\n"|164-21-0-0
41888|data|DCD aTrue - 0xA2F6; "true"|238-19-0-0
41892|data|DCD aTokenObjectS - 0xA2FE; "\tToken Object: %s\n"|98-20-0-0
41896|data|DCD aTrue - 0xA30E; "true"|214-19-0-0
41900|data|DCD aPrivateObjectS - 0xA316; "\tPrivate Object: %s\n"|94-20-0-0
41904|data|DCD aTrue - 0xA326; "true"|190-19-0-0
41908|data|DCD aModifiableObje - 0xA32C; "\tModifiable Object: %s\n"|96-20-0-0
41912|data|DCD aTypeLd_0 - 0xA340; "\tType: %ld\n"|112-21-0-0
41916|data|DCD aSecretKey - 0xA34A; "Secret Key: "|174-21-0-0
41920|data|DCD aTypeLd - 0xA35A; "Type: %ld"|130-21-0-0
41924|data|DCD aLabelS_0 - 0xA36A; ", Label: '%s'"|10-21-0-0
41928|data|DCD aFalse - 0xA374; "false"|120-19-0-0
41932|data|DCD aFalse - 0xA37A; "false"|114-19-0-0
41936|data|DCD aFalse - 0xA380; "false"|108-19-0-0
41940|data|DCD aLabelS - 0xA388; "\tLabel: '%s'\n"|28-20-0-0
41944|data|DCD aSecretKey_0 - 0xA392; "\tSecret Key\n"|86-21-0-0
41948|code|PUSH            {R4-R7,LR}|240-181
41950|code|SUB             SP, SP, #0x14|133-176
41952|code|MOV             R6, R2|22-70
41954|code|MOVS            R3, #1|1-35
41956|code|MOV             R2, SP|106-70
41958|code|MOVS            R7, #0|0-39
41960|code|MOV             R5, R0|5-70
41962|code|STR             R7, [SP]|0-151
41964|code|MOV             R4, R1|12-70
41966|code|ADD             R7, SP, #0xC|3-175
41968|code|STR             R7, [SP,#4]|1-151
41970|code|MOVS            R7, #4|4-39
41972|code|STR             R7, [SP,#8]|2-151
41974|code|BL              sub_9984|255-247-197-250
41978|code|MOV             R7, R0|7-70
41980|code|CBNZ            R0, loc_A416|88-185
41982|code|LDR             R1, [SP,#0xC]|3-153
41984|code|CMP             R1, #4; switch 5 cases|4-41
41986|code|BHI             def_A404; jumptable 0000A404 default case|17-216
41988|code|TBB.W           [PC,R1]; switch jump|223-232-1-240
41992|data|DCB 3; jump table for switch statement|3
41993|data|DCB 0x15|21
41994|data|DCB 0x1B|27
41995|data|DCB 0x1B|27
41996|data|DCB 0xA|10
41997|data|ALIGN 2|0
41998|code|LDR             R0, =(aDataObject - 0xA414); jumptable 0000A404 case 0|15-72
42000|code|ADD             R0, PC; "Data object\n"|120-68
42002|code|BL              sub_A8D8|0-240-97-250
42006|code|MOV             R0, R7|56-70
42008|code|ADD             SP, SP, #0x14|5-176
42010|code|POP             {R4-R7,PC}|240-189
42012|code|MOV             R0, R5; jumptable 0000A404 case 4|40-70
42014|code|MOV             R1, R4|33-70
42016|code|MOV             R2, R6|50-70
42018|code|BL              sub_A1F0|255-247-229-254
42022|code|B               loc_A416|246-231
42024|code|LDR             R0, =(aObjectClassLd - 0xA42E); jumptable 0000A404 default case|9-72
42026|code|ADD             R0, PC; "Object class=%ld\n"|120-68
42028|code|BL              sub_A8D8|0-240-84-250
42032|code|B               loc_A416|241-231
42034|code|MOV             R0, R5; jumptable 0000A404 case 1|40-70
42036|code|MOV             R1, R4|33-70
42038|code|MOV             R2, R6|50-70
42040|code|BL              sub_9B24|255-247-116-251
42044|code|B               loc_A416|235-231
42046|code|MOV             R0, R5; jumptable 0000A404 cases 2,3|40-70
42048|code|MOV             R1, R4|33-70
42050|code|MOV             R2, R6|50-70
42052|code|BL              sub_9F50|255-247-132-253
42056|code|B               loc_A416|229-231
42058|data|ALIGN 4|0-191
42060|data|DCD aDataObject - 0xA414; "Data object\n"|244-20-0-0
42064|data|DCD aObjectClassLd - 0xA42E; "Object class=%ld\n"|234-20-0-0
42068|code|PUSH            {R4-R7,LR}|240-181
42070|code|SUB             SP, SP, #0x24|137-176
42072|code|MOV             R4, R2|20-70
42074|code|MOV             R5, R3|29-70
42076|code|MOV             R2, SP|106-70
42078|code|MOVS            R3, #2|2-35
42080|code|MOVS            R6, #4|4-38
42082|code|MOVS            R7, #0|0-39
42084|code|STR             R6, [SP,#0x24+var_1C]|2-150
42086|code|STR             R7, [SP,#0x24+var_24]|0-151
42088|code|ADD             R7, SP, #0x18|6-175
42090|code|STR             R6, [SP,#0x24+var_10]|5-150
42092|code|STR             R7, [SP,#0x24+var_20]|1-151
42094|code|MOV.W           R7, #0x100|79-244-128-119
42098|code|STR             R7, [SP,#0x24+var_18]|3-151
42100|code|ADD             R7, SP, #0x1C|7-175
42102|code|STR             R7, [SP,#0x24+var_14]|4-151
42104|code|BL              sub_9984|255-247-132-250
42108|code|CBNZ            R0, loc_A486|24-185
42110|code|LDR             R3, [SP,#0x24+var_C]|6-155
42112|code|MOVS            R0, #5|5-32
42114|code|CMP             R3, R4|163-66
42116|code|BEQ             loc_A48A|1-208
42118|code|ADD             SP, SP, #0x24 ; '$'|9-176
42120|code|POP             {R4-R7,PC}|240-189
42122|code|LDR             R0, [SP,#0x24+var_8]|7-152
42124|code|CMP             R0, R5|168-66
42126|code|ITE NE|20-191
42128|code|MOVNE           R0, #5|5-32
42130|code|MOVEQ           R0, #0|0-32
42132|code|B               loc_A486|247-231
42134|data|ALIGN 4|0-191
42136|code|PUSH.W          {R4-R11,LR}|45-233-240-79
42140|code|MOV             R8, R3|152-70
42142|code|LDR             R5, =(_GLOBAL_OFFSET_TABLE_ - 0xA4AA)|89-77
42144|code|SUB             SP, SP, #0x24 ; '$'|137-176
42146|code|LDR             R3, =(g_bTokenOpen_ptr - 0x14000)|89-75
42148|code|MOVS            R4, #0|0-36
42150|code|ADD             R5, PC; _GLOBAL_OFFSET_TABLE_|125-68
42152|code|STR             R4, [SP,#0x10]|4-148
42154|code|STR             R4, [SP,#0x14]|5-148
42156|code|MOV             R7, R1|15-70
42158|code|STR             R4, [SP,#0x18]|6-148
42160|code|MOVS            R1, #1|1-33
42162|code|STRB.W          R1, [SP,#0x1F]|141-248-31-16
42166|code|MOV             R6, R0|6-70
42168|code|LDR             R3, [R5,R3]; g_bTokenOpen|235-88
42170|code|MOV             R9, R2|145-70
42172|code|LDR             R3, [R3]|27-104
42174|code|CBNZ            R3, loc_A4CA|35-185
42176|code|MOVS            R5, #5|5-37
42178|code|MOV             R0, R5|40-70
42180|code|ADD             SP, SP, #0x24 ; '$'|9-176
42182|code|POP.W           {R4-R11,PC}|189-232-240-143
42186|code|MOV             R1, R7|57-70
42188|code|MOVS            R2, #4|4-34
42190|code|MOVS            R3, #0x1F|31-35
42192|code|BL              sub_A454|255-247-192-255
42196|code|MOV             R10, R0|130-70
42198|code|CBZ             R0, loc_A508|184-177
42200|code|LDR             R3, =(g_pFcnList_ptr - 0x14000)|76-75
42202|code|ADD.W           R10, SP, #0x18|13-241-24-10
42206|code|MOV             R9, R4|161-70
42208|code|LDR             R7, [R5,R3]; g_pFcnList|239-88
42210|code|LDR             R3, [R7]|59-104
42212|code|MOV             R2, R10|82-70
42214|code|MOV             R1, R4|33-70
42216|code|STR.W           R9, [SP,#0x18]|205-248-24-144
42220|code|MOV             R0, R6|48-70
42222|code|LDR.W           R3, [R3,#0x84]|211-248-132-48
42226|code|BLX             R3|152-71
42228|code|MOV             R5, R0|5-70
42230|code|LDR             R0, =(aCEncryptfinal - 0xA4FE); "C_EncryptFinal"|70-72
42232|code|MOV             R1, R5|41-70
42234|code|ADD             R0, PC; "C_EncryptFinal"|120-68
42236|code|BL              sub_9130|254-247-24-254
42240|code|MOV             R0, R4|32-70
42242|code|BLX             free|254-247-44-236
42246|code|B               loc_A4C2|220-231
42248|code|LDR             R3, =(g_pFcnList_ptr - 0x14000)|64-75
42250|code|MOV             R2, R7|58-70
42252|code|MOV             R1, R9|73-70
42254|code|MOV             R0, R6|48-70
42256|code|LDR             R7, [R5,R3]; g_pFcnList|239-88
42258|code|LDR             R3, [R7]|59-104
42260|code|LDR             R3, [R3,#0x78]|155-111
42262|code|BLX             R3|152-71
42264|code|MOV             R4, R0|4-70
42266|code|LDR             R0, =(aCEncryptinit - 0xA522); "C_EncryptInit"|62-72
42268|code|MOV             R1, R4|33-70
42270|code|ADD             R0, PC; "C_EncryptInit"|120-68
42272|code|BL              sub_9130|254-247-6-254
42276|code|CMP             R4, #0|0-44
42278|code|BNE             loc_A5F0|99-209
42280|code|LDR.W           R11, =(aCEncryptupdate - 0xA538); "C_EncryptUpdate"|223-248-236-176
42284|code|ADD.W           R10, SP, #0x18|13-241-24-10
42288|code|LDR             R5, =(aCEncryptupdate - 0xA53A); "C_EncryptUpdate"|58-77
42290|code|MOV             R9, R4|161-70
42292|code|ADD             R11, PC; "C_EncryptUpdate"|251-68
42294|code|ADD             R5, PC; "C_EncryptUpdate"|125-68
42296|code|STR             R5, [SP,#0xC]|3-149
42298|code|LDRB.W          R5, [SP,#0x1F]|157-248-31-80
42302|code|MOVS            R3, #1|1-35
42304|code|ADD             R1, SP, #0x14|5-169
42306|code|ADD.W           R2, SP, #0x1F|13-241-31-2
42310|code|ADD             R0, SP, #0x10|4-168
42312|code|CMP             R5, #0|0-45
42314|code|BEQ             loc_A4E2|202-208
42316|code|BLX             R8|192-71
42318|code|MOVS            R3, #0|0-35
42320|code|MOV             R2, R0|2-70
42322|code|ADDS            R2, #1|1-50
42324|code|MOV             R0, R6|48-70
42326|code|BEQ             loc_A5CA|56-208
42328|code|LDR             R2, [R7]|58-104
42330|code|LDR             R1, [SP,#0x10]|4-153
42332|code|STR.W           R10, [SP]|205-248-0-160
42336|code|LDR.W           R5, [R2,#0x80]|210-248-128-80
42340|code|LDR             R2, [SP,#0x14]|5-154
42342|code|BLX             R5|168-71
42344|code|MOV             R5, R0|5-70
42346|code|MOV             R0, R11|88-70
42348|code|MOV             R1, R5|41-70
42350|code|BL              sub_9130|254-247-223-253
42354|code|MOV             R0, R4|32-70
42356|code|CMP             R5, #0|0-45
42358|code|BNE             loc_A4E2|180-209
42360|code|LDR             R5, [SP,#0x18]|6-157
42362|code|CMP             R9, R5|169-69
42364|code|BCS             loc_A592|9-210
42366|code|BLX             free|254-247-238-235
42370|code|MOV             R1, R5|41-70
42372|code|MOVS            R0, #1|1-32
42374|code|MOV             R9, R5|169-70
42376|code|BLX             calloc|254-247-194-235
42380|code|MOV             R4, R0|4-70
42382|code|CMP             R0, #0|0-40
42384|code|BEQ             loc_A5FA|51-208
42386|code|LDR             R2, [R7]|58-104
42388|code|MOV             R3, R4|35-70
42390|code|STR.W           R10, [SP]|205-248-0-160
42394|code|MOV             R0, R6|48-70
42396|code|LDR             R1, [SP,#0x10]|4-153
42398|code|LDR.W           R5, [R2,#0x80]|210-248-128-80
42402|code|LDR             R2, [SP,#0x14]|5-154
42404|code|BLX             R5|168-71
42406|code|MOV             R5, R0|5-70
42408|code|LDR             R0, [SP,#0xC]|3-152
42410|code|MOV             R1, R5|41-70
42412|code|BL              sub_9130|254-247-192-253
42416|code|CMP             R5, #0|0-45
42418|code|BNE             loc_A4E2|150-209
42420|code|LDR             R1, [SP,#0x18]|6-153
42422|code|CMP             R1, #0|0-41
42424|code|BEQ             loc_A53A|191-208
42426|code|MOVS            R3, #1|1-35
42428|code|LDRB.W          R2, [SP,#0x1F]|157-248-31-32
42432|code|MOV             R0, R4|32-70
42434|code|LDR             R5, [SP,#0x48]|18-157
42436|code|BLX             R5|168-71
42438|code|ADDS            R0, #1|1-48
42440|code|BNE             loc_A53A|183-209
42442|code|LDR             R3, [R7]|59-104
42444|code|MOV             R2, R10|82-70
42446|code|MOV             R1, R4|33-70
42448|code|STR.W           R9, [SP,#0x18]|205-248-24-144
42452|code|MOV             R0, R6|48-70
42454|code|MOVS            R5, #0x50 ; 'P'|80-37
42456|code|LDR.W           R3, [R3,#0x84]|211-248-132-48
42460|code|BLX             R3|152-71
42462|code|MOV             R1, R0|1-70
42464|code|LDR             R0, =(aCEncryptfinal - 0xA5E6); "C_EncryptFinal"|15-72
42466|code|ADD             R0, PC; "C_EncryptFinal"|120-68
42468|code|BL              sub_9130|254-247-164-253
42472|code|MOV             R0, R4|32-70
42474|code|BLX             free|254-247-184-235
42478|code|B               loc_A4C2|104-231
42480|code|MOV             R9, R10|209-70
42482|code|ADD.W           R10, SP, #0x18|13-241-24-10
42486|code|MOV             R4, R9|76-70
42488|code|B               loc_A4E2|115-231
42490|code|LDR             R0, =(aUnableToObtain_1 - 0xA600); "Unable to obtain memory for the encrypt"...|10-72
42492|code|ADD             R0, PC; "Unable to obtain memory for the encrypt"...|120-68
42494|code|BL              sub_A824|0-240-17-249
42498|code|B               loc_A4E2|110-231
42500|data|DCD _GLOBAL_OFFSET_TABLE_ - 0xA4AA|86-155-0-0
42504|data|DCD g_bTokenOpen_ptr - 0x14000|152-0-0-0
42508|data|DCD g_pFcnList_ptr - 0x14000|160-0-0-0
42512|data|DCD aCEncryptfinal - 0xA4FE; "C_EncryptFinal"|134-20-0-0
42516|data|DCD aCEncryptinit - 0xA522; "C_EncryptInit"|10-20-0-0
42520|data|DCD aCEncryptupdate - 0xA538; "C_EncryptUpdate"|4-20-0-0
42524|data|DCD aCEncryptupdate - 0xA53A; "C_EncryptUpdate"|2-20-0-0
42528|data|DCD aCEncryptfinal - 0xA5E6; "C_EncryptFinal"|158-19-0-0
42532|data|DCD aUnableToObtain_1 - 0xA600; "Unable to obtain memory for the encrypt"...|76-19-0-0
42536|code|PUSH.W          {R4-R11,LR}|45-233-240-79
42540|code|MOV             R9, R3|153-70
42542|code|LDR             R5, =(_GLOBAL_OFFSET_TABLE_ - 0xA63A)|86-77
42544|code|SUB             SP, SP, #0x24 ; '$'|137-176
42546|code|LDR             R3, =(g_bTokenOpen_ptr - 0x14000)|86-75
42548|code|MOVS            R4, #0|0-36
42550|code|ADD             R5, PC; _GLOBAL_OFFSET_TABLE_|125-68
42552|code|STR             R4, [SP,#0x10]|4-148
42554|code|STR             R4, [SP,#0x14]|5-148
42556|code|MOV             R7, R1|15-70
42558|code|STR             R4, [SP,#0x18]|6-148
42560|code|MOVS            R1, #1|1-33
42562|code|STRB.W          R1, [SP,#0x1F]|141-248-31-16
42566|code|MOV             R6, R0|6-70
42568|code|LDR             R3, [R5,R3]; g_bTokenOpen|235-88
42570|code|MOV             R8, R2|144-70
42572|code|LDR             R3, [R3]|27-104
42574|code|CBNZ            R3, loc_A65A|35-185
42576|code|MOVS            R5, #5|5-37
42578|code|MOV             R0, R5|40-70
42580|code|ADD             SP, SP, #0x24 ; '$'|9-176
42582|code|POP.W           {R4-R11,PC}|189-232-240-143
42586|code|MOV             R1, R7|57-70
42588|code|MOVS            R2, #4|4-34
42590|code|MOVS            R3, #0x1F|31-35
42592|code|BL              sub_A454|255-247-248-254
42596|code|MOV             R10, R0|130-70
42598|code|CBZ             R0, loc_A692|160-177
42600|code|LDR             R3, =(g_pFcnList_ptr - 0x14000)|73-75
42602|code|ADD.W           R8, SP, #0x18|13-241-24-8
42606|code|LDR             R7, [R5,R3]; g_pFcnList|239-88
42608|code|LDR             R3, [R7]|59-104
42610|code|MOV             R2, R8|66-70
42612|code|MOV             R1, R4|33-70
42614|code|MOV             R0, R6|48-70
42616|code|LDR.W           R3, [R3,#0x94]|211-248-148-48
42620|code|BLX             R3|152-71
42622|code|MOV             R5, R0|5-70
42624|code|LDR             R0, =(aCDecryptfinal - 0xA688); "C_DecryptFinal"|68-72
42626|code|MOV             R1, R5|41-70
42628|code|ADD             R0, PC; "C_DecryptFinal"|120-68
42630|code|BL              sub_9130|254-247-83-253
42634|code|MOV             R0, R4|32-70
42636|code|BLX             free|254-247-102-235
42640|code|B               loc_A652|223-231
42642|code|LDR             R3, =(g_pFcnList_ptr - 0x14000)|63-75
42644|code|MOV             R2, R7|58-70
42646|code|MOV             R1, R8|65-70
42648|code|MOV             R0, R6|48-70
42650|code|LDR             R7, [R5,R3]; g_pFcnList|239-88
42652|code|LDR             R3, [R7]|59-104
42654|code|LDR.W           R3, [R3,#0x88]|211-248-136-48
42658|code|BLX             R3|152-71
42660|code|MOV             R4, R0|4-70
42662|code|LDR             R0, =(aCDecryptinit - 0xA6AE); "C_DecryptInit"|60-72
42664|code|MOV             R1, R4|33-70
42666|code|ADD             R0, PC; "C_DecryptInit"|120-68
42668|code|BL              sub_9130|254-247-64-253
42672|code|CMP             R4, #0|0-44
42674|code|BNE             loc_A774|95-209
42676|code|LDR.W           R11, =(aCDecryptupdate - 0xA6C4); "C_DecryptUpdate"|223-248-228-176
42680|code|ADD.W           R8, SP, #0x18|13-241-24-8
42684|code|LDR             R5, =(aCDecryptupdate - 0xA6C6); "C_DecryptUpdate"|56-77
42686|code|MOV             R10, R4|162-70
42688|code|ADD             R11, PC; "C_DecryptUpdate"|251-68
42690|code|ADD             R5, PC; "C_DecryptUpdate"|125-68
42692|code|STR             R5, [SP,#0xC]|3-149
42694|code|LDRB.W          R5, [SP,#0x1F]|157-248-31-80
42698|code|MOVS            R3, #0|0-35
42700|code|ADD             R1, SP, #0x14|5-169
42702|code|ADD.W           R2, SP, #0x1F|13-241-31-2
42706|code|ADD             R0, SP, #0x10|4-168
42708|code|CMP             R5, #0|0-45
42710|code|BEQ             loc_A670|203-208
42712|code|BLX             R9|200-71
42714|code|MOVS            R3, #0|0-35
42716|code|MOV             R2, R0|2-70
42718|code|ADDS            R2, #1|1-50
42720|code|MOV             R0, R6|48-70
42722|code|BEQ             loc_A752|54-208
42724|code|LDR             R2, [R7]|58-104
42726|code|LDR             R1, [SP,#0x10]|4-153
42728|code|STR.W           R8, [SP]|205-248-0-128
42732|code|LDR.W           R5, [R2,#0x90]|210-248-144-80
42736|code|LDR             R2, [SP,#0x14]|5-154
42738|code|BLX             R5|168-71
42740|code|MOV             R5, R0|5-70
42742|code|MOV             R0, R11|88-70
42744|code|MOV             R1, R5|41-70
42746|code|BL              sub_9130|254-247-25-253
42750|code|MOV             R0, R4|32-70
42752|code|CMP             R5, #0|0-45
42754|code|BNE             loc_A670|181-209
42756|code|LDR             R5, [SP,#0x18]|6-157
42758|code|CMP             R10, R5|170-69
42760|code|BCS             loc_A71E|9-210
42762|code|BLX             free|254-247-40-235
42766|code|MOV             R1, R5|41-70
42768|code|MOVS            R0, #1|1-32
42770|code|MOV             R10, R5|170-70
42772|code|BLX             calloc|254-247-252-234
42776|code|MOV             R4, R0|4-70
42778|code|CMP             R0, #0|0-40
42780|code|BEQ             loc_A77C|46-208
42782|code|LDR             R2, [R7]|58-104
42784|code|MOV             R3, R4|35-70
42786|code|STR.W           R8, [SP]|205-248-0-128
42790|code|MOV             R0, R6|48-70
42792|code|LDR             R1, [SP,#0x10]|4-153
42794|code|LDR.W           R5, [R2,#0x90]|210-248-144-80
42798|code|LDR             R2, [SP,#0x14]|5-154
42800|code|BLX             R5|168-71
42802|code|MOV             R5, R0|5-70
42804|code|LDR             R0, [SP,#0xC]|3-152
42806|code|MOV             R1, R5|41-70
42808|code|BL              sub_9130|254-247-250-252
42812|code|MOV             R0, R4|32-70
42814|code|MOV             R3, R5|43-70
42816|code|CMP             R5, #0|0-45
42818|code|BNE             loc_A670|149-209
42820|code|LDRB.W          R2, [SP,#0x1F]|157-248-31-32
42824|code|LDR             R1, [SP,#0x18]|6-153
42826|code|LDR             R5, [SP,#0x48]|18-157
42828|code|BLX             R5|168-71
42830|code|ADDS            R0, #1|1-48
42832|code|BNE             loc_A6C6|185-209
42834|code|LDR             R3, [R7]|59-104
42836|code|MOV             R2, R8|66-70
42838|code|MOV             R1, R4|33-70
42840|code|MOV             R0, R6|48-70
42842|code|MOVS            R5, #0x50 ; 'P'|80-37
42844|code|LDR.W           R3, [R3,#0x94]|211-248-148-48
42848|code|BLX             R3|152-71
42850|code|MOV             R1, R0|1-70
42852|code|LDR             R0, =(aCDecryptfinal - 0xA76A); "C_DecryptFinal"|15-72
42854|code|ADD             R0, PC; "C_DecryptFinal"|120-68
42856|code|BL              sub_9130|254-247-226-252
42860|code|MOV             R0, R4|32-70
42862|code|BLX             free|254-247-246-234
42866|code|B               loc_A652|110-231
42868|code|ADD.W           R8, SP, #0x18|13-241-24-8
42872|code|MOV             R4, R10|84-70
42874|code|B               loc_A670|121-231
42876|code|LDR             R0, =(aUnableToObtain_1 - 0xA782); "Unable to obtain memory for the encrypt"...|10-72
42878|code|ADD             R0, PC; "Unable to obtain memory for the encrypt"...|120-68
42880|code|BL              sub_A824|0-240-80-248
42884|code|B               loc_A670|116-231
42886|data|ALIGN 4|0-191
42888|data|DCD _GLOBAL_OFFSET_TABLE_ - 0xA63A|198-153-0-0
42892|data|DCD g_bTokenOpen_ptr - 0x14000|152-0-0-0
42896|data|DCD g_pFcnList_ptr - 0x14000|160-0-0-0
42900|data|DCD aCDecryptfinal - 0xA688; "C_DecryptFinal"|44-19-0-0
42904|data|DCD aCDecryptinit - 0xA6AE; "C_DecryptInit"|230-18-0-0
42908|data|DCD aCDecryptupdate - 0xA6C4; "C_DecryptUpdate"|224-18-0-0
42912|data|DCD aCDecryptupdate - 0xA6C6; "C_DecryptUpdate"|222-18-0-0
42916|data|DCD aCDecryptfinal - 0xA76A; "C_DecryptFinal"|74-18-0-0
42920|data|DCD aUnableToObtain_1 - 0xA782; "Unable to obtain memory for the encrypt"...|202-17-0-0
42924|code|LDR             R3, =(_GLOBAL_OFFSET_TABLE_ - 0xA7B4)|5-75
42926|code|LDR             R2, =(g_bTokenOpen_ptr - 0x14000)|6-74
42928|code|ADD             R3, PC; _GLOBAL_OFFSET_TABLE_|123-68
42930|code|LDR             R2, [R3,R2]; g_bTokenOpen|154-88
42932|code|LDR             R0, [R2]|16-104
42934|code|CBZ             R0, locret_A7C2|32-177
42936|code|LDR             R2, =(g_tToken_ptr - 0x14000)|4-74
42938|code|LDR             R3, [R3,R2]; g_tToken|155-88
42940|code|LDR             R0, [R3,#(dword_1415C - 0x140FC)]|24-110
42942|code|UBFX.W          R0, R0, #0xA, #1|192-243-128-32
42946|code|BX              LR|112-71
42948|data|DCD _GLOBAL_OFFSET_TABLE_ - 0xA7B4|76-152-0-0
42952|data|DCD g_bTokenOpen_ptr - 0x14000|152-0-0-0
42956|data|DCD g_tToken_ptr - 0x14000|140-0-0-0
42960|code|LDR             R3, =(_GLOBAL_OFFSET_TABLE_ - 0xA7D8)|4-75
42962|code|LDR             R2, =(g_bTokenOpen_ptr - 0x14000)|5-74
42964|code|ADD             R3, PC; _GLOBAL_OFFSET_TABLE_|123-68
42966|code|LDR             R2, [R3,R2]; g_bTokenOpen|154-88
42968|code|LDR             R0, [R2]|16-104
42970|code|CBZ             R0, locret_A7E2|16-177
42972|code|LDR             R2, =(g_tToken_ptr - 0x14000)|3-74
42974|code|LDR             R3, [R3,R2]; g_tToken|155-88
42976|code|LDR             R0, [R3,#(dword_14174 - 0x140FC)]|152-111
42978|code|BX              LR|112-71
42980|data|DCD _GLOBAL_OFFSET_TABLE_ - 0xA7D8|40-152-0-0
42984|data|DCD g_bTokenOpen_ptr - 0x14000|152-0-0-0
42988|data|DCD g_tToken_ptr - 0x14000|140-0-0-0
42992|code|LDR             R3, =(_GLOBAL_OFFSET_TABLE_ - 0xA7F8)|4-75
42994|code|LDR             R2, =(g_bTokenOpen_ptr - 0x14000)|5-74
42996|code|ADD             R3, PC; _GLOBAL_OFFSET_TABLE_|123-68
42998|code|LDR             R2, [R3,R2]; g_bTokenOpen|154-88
43000|code|LDR             R0, [R2]|16-104
43002|code|CBZ             R0, locret_A802|16-177
43004|code|LDR             R2, =(g_tToken_ptr - 0x14000)|3-74
43006|code|LDR             R3, [R3,R2]; g_tToken|155-88
43008|code|LDR             R0, [R3,#(dword_14170 - 0x140FC)]|88-111
43010|code|BX              LR|112-71
43012|data|DCD _GLOBAL_OFFSET_TABLE_ - 0xA7F8|8-152-0-0
43016|data|DCD g_bTokenOpen_ptr - 0x14000|152-0-0-0
43020|data|DCD g_tToken_ptr - 0x14000|140-0-0-0
43024|code|PUSH            {R4,LR}|16-181
43026|code|MOV             R4, R1|12-70
43028|code|MOV             R3, R2|19-70
43030|code|MOVS            R1, #1|1-33
43032|code|MOV             R2, R4|34-70
43034|code|BLX             __vfprintf_chk|254-247-202-234
43038|code|POP             {R4,PC}|16-189
43040|code|B.W             sub_A810|255-247-246-191
43044|code|PUSH            {R0-R3}|15-180
43046|code|MOVS            R0, #0|0-32
43048|code|LDR             R3, =(_GLOBAL_OFFSET_TABLE_ - 0xA830)|10-75
43050|code|LDR             R2, =(iLogLevel_ptr - 0x14000)|11-74
43052|code|ADD             R3, PC; _GLOBAL_OFFSET_TABLE_|123-68
43054|code|PUSH            {LR}|0-181
43056|code|SUB             SP, SP, #0xC|131-176
43058|code|LDR             R2, [R3,R2]; iLogLevel|154-88
43060|code|LDR             R2, [R2]|18-104
43062|code|CMP             R2, #0|0-42
43064|code|BLE             loc_A84A|7-221
43066|code|LDR             R0, =(stderr_ptr - 0x14000)|8-72
43068|code|ADD             R2, SP, #0x20+varg_r1|5-170
43070|code|STR             R2, [SP,#0x20+var_1C]|1-146
43072|code|LDR             R1, [SP,#0x20+varg_r0]|4-153
43074|code|LDR             R3, [R3,R0]; stderr|27-88
43076|code|LDR             R0, [R3]|24-104
43078|code|BL              sub_A820|255-247-235-255
43082|code|ADD             SP, SP, #0xC|3-176
43084|code|POP.W           {LR}|93-248-4-235
43088|code|ADD             SP, SP, #0x10|4-176
43090|code|BX              LR|112-71
43092|data|DCD _GLOBAL_OFFSET_TABLE_ - 0xA830|208-151-0-0
43096|data|DCD iLogLevel_ptr - 0x14000|156-0-0-0
43100|data|DCD stderr_ptr - 0x14000|188-0-0-0
43104|code|PUSH            {R0-R3}|15-180
43106|code|MOVS            R0, #0|0-32
43108|code|LDR             R3, =(_GLOBAL_OFFSET_TABLE_ - 0xA86C)|10-75
43110|code|LDR             R2, =(iLogLevel_ptr - 0x14000)|11-74
43112|code|ADD             R3, PC; _GLOBAL_OFFSET_TABLE_|123-68
43114|code|PUSH            {LR}|0-181
43116|code|SUB             SP, SP, #0xC|131-176
43118|code|LDR             R2, [R3,R2]; iLogLevel|154-88
43120|code|LDR             R2, [R2]|18-104
43122|code|CMP             R2, #1|1-42
43124|code|BLE             loc_A886|7-221
43126|code|LDR             R0, =(stdout_ptr - 0x14000)|8-72
43128|code|ADD             R2, SP, #0x14|5-170
43130|code|STR             R2, [SP,#4]|1-146
43132|code|LDR             R1, [SP,#0x10]|4-153
43134|code|LDR             R3, [R3,R0]; stdout|27-88
43136|code|LDR             R0, [R3]|24-104
43138|code|BL              sub_A820|255-247-205-255
43142|code|ADD             SP, SP, #0xC|3-176
43144|code|POP.W           {LR}|93-248-4-235
43148|code|ADD             SP, SP, #0x10|4-176
43150|code|BX              LR|112-71
43152|data|DCD _GLOBAL_OFFSET_TABLE_ - 0xA86C|148-151-0-0
43156|data|DCD iLogLevel_ptr - 0x14000|156-0-0-0
43160|data|DCD stdout_ptr - 0x14000|180-0-0-0
43164|code|PUSH            {R0-R3}|15-180
43166|code|MOVS            R0, #0|0-32
43168|code|LDR             R3, =(_GLOBAL_OFFSET_TABLE_ - 0xA8A8)|10-75
43170|code|LDR             R2, =(iLogLevel_ptr - 0x14000)|11-74
43172|code|ADD             R3, PC; _GLOBAL_OFFSET_TABLE_|123-68
43174|code|PUSH            {LR}|0-181
43176|code|SUB             SP, SP, #0xC|131-176
43178|code|LDR             R2, [R3,R2]; iLogLevel|154-88
43180|code|LDR             R2, [R2]|18-104
43182|code|CMP             R2, #2|2-42
43184|code|BLE             loc_A8C2|7-221
43186|code|LDR             R0, =(stdout_ptr - 0x14000)|8-72
43188|code|ADD             R2, SP, #0x20+varg_r1|5-170
43190|code|STR             R2, [SP,#0x20+var_1C]|1-146
43192|code|LDR             R1, [SP,#0x20+varg_r0]|4-153
43194|code|LDR             R3, [R3,R0]; stdout|27-88
43196|code|LDR             R0, [R3]|24-104
43198|code|BL              sub_A820|255-247-175-255
43202|code|ADD             SP, SP, #0xC|3-176
43204|code|POP.W           {LR}|93-248-4-235
43208|code|ADD             SP, SP, #0x10|4-176
43210|code|BX              LR|112-71
43212|data|DCD _GLOBAL_OFFSET_TABLE_ - 0xA8A8|88-151-0-0
43216|data|DCD iLogLevel_ptr - 0x14000|156-0-0-0
43220|data|DCD stdout_ptr - 0x14000|180-0-0-0
43224|code|PUSH            {R0-R3}|15-180
43226|code|PUSH            {LR}|0-181
43228|code|SUB             SP, SP, #0xC|131-176
43230|code|ADD             R2, SP, #0x20+varg_r0|4-170
43232|code|LDR             R3, =(_GLOBAL_OFFSET_TABLE_ - 0xA8EC)|7-75
43234|code|LDR             R0, =(stdout_ptr - 0x14000)|8-72
43236|code|LDR.W           R1, [R2],#4|82-248-4-27
43240|code|ADD             R3, PC; _GLOBAL_OFFSET_TABLE_|123-68
43242|code|STR             R2, [SP,#0x20+var_1C]|1-146
43244|code|LDR             R3, [R3,R0]; stdout|27-88
43246|code|LDR             R0, [R3]|24-104
43248|code|BL              sub_A810|255-247-142-255
43252|code|ADD             SP, SP, #0xC|3-176
43254|code|POP.W           {LR}|93-248-4-235
43258|code|ADD             SP, SP, #0x10|4-176
43260|code|BX              LR|112-71
43262|data|ALIGN 0x10|0-191
43264|data|DCD _GLOBAL_OFFSET_TABLE_ - 0xA8EC|20-151-0-0
43268|data|DCD stdout_ptr - 0x14000|180-0-0-0
43272|code|CMP             R0, #0|0-40
43274|code|PUSH.W          {R3-R9,LR}|45-233-248-67
43278|code|MOV             R5, R0|5-70
43280|code|MOV             R6, R1|14-70
43282|code|BLE             loc_A956|32-221
43284|code|LDR.W           R9, =(unk_B0B8 - 0xA924)|223-248-84-144
43288|code|MOVS            R4, #0|0-36
43290|code|LDR.W           R8, =(asc_B9DC - 0xA926); "\n\t"|223-248-84-128
43294|code|LDR             R7, =(a02x - 0xA928); "%02x"|21-79
43296|code|ADD             R9, PC; unk_B0B8|249-68
43298|code|ADD             R8, PC; "\n\t"|248-68
43300|code|ADD             R7, PC; "%02x"|127-68
43302|code|B               loc_A93A|8-224
43304|code|CMP             R5, #0x20 ; ' '|32-45
43306|code|BGT             loc_A964|27-220
43308|code|LDRB            R1, [R6,R4]|49-93
43310|code|MOV             R0, R7|56-70
43312|code|ADDS            R4, #1|1-52
43314|code|BL              sub_A8D8|255-247-209-255
43318|code|CMP             R4, R5|172-66
43320|code|BEQ             loc_A956|13-208
43322|code|LSLS            R2, R4, #0x1B|226-6
43324|code|BEQ             loc_A928|244-208
43326|code|LSLS            R3, R4, #0x1E|163-7
43328|code|BNE             loc_A92C|244-209
43330|code|MOV             R0, R9|72-70
43332|code|BL              sub_A8D8|255-247-200-255
43336|code|LDRB            R1, [R6,R4]|49-93
43338|code|MOV             R0, R7|56-70
43340|code|ADDS            R4, #1|1-52
43342|code|BL              sub_A8D8|255-247-195-255
43346|code|CMP             R4, R5|172-66
43348|code|BNE             loc_A93A|241-209
43350|code|LDR             R0, =(aLabelS+0xC - 0xA95C); "\n"|8-72
43352|code|ADD             R0, PC; "\n"|120-68
43354|code|BL              sub_A8D8|255-247-189-255
43358|code|MOV             R0, R5|40-70
43360|code|POP.W           {R3-R9,PC}|189-232-248-131
43364|code|MOV             R0, R8|64-70
43366|code|BL              sub_A8D8|255-247-183-255
43370|code|B               loc_A92C|223-231
43372|data|DCD unk_B0B8 - 0xA924|148-7-0-0
43376|data|DCD asc_B9DC - 0xA926; "\n\t"|182-16-0-0
43380|data|DCD a02x - 0xA928; "%02x"|184-16-0-0
43384|data|DCD aLabelS+0xC - 0xA95C; "\n"|84-14-0-0
43388|code|MOV             R1, R0|1-70
43390|code|LDR             R0, =(aSSucceeded - 0xA984); "%s succeeded\n"|2-72
43392|code|ADD             R0, PC; "%s succeeded\n"|120-68
43394|code|B.W             loc_A860|255-247-109-191
43398|data|ALIGN 4|0-191
43400|data|DCD aSSucceeded - 0xA984; "%s succeeded\n"|188-8-0-0
43404|code|MOV             R2, R1|10-70
43406|code|MOV             R1, R0|1-70
43408|code|LDR             R0, =(aSS - 0xA996); "\t%s\n\t\t%s\n"|1-72
43410|code|ADD             R0, PC; "\t%s\n\t\t%s\n"|120-68
43412|code|B.W             sub_A8D8|255-247-160-191
43416|data|DCD aSS - 0xA996; "\t%s\n\t\t%s\n"|82-16-0-0
43420|code|PUSH            {R4,LR}|16-181
43422|code|MOVS            R0, #0x22 ; '"'; size|34-32
43424|code|SUB             SP, SP, #0x10|132-176
43426|code|BLX             malloc|254-247-12-234
43430|code|MOV             R4, R0|4-70
43432|code|CBZ             R0, loc_A9CE|136-177
43434|code|LDR             R3, =(aNone - 0xA9B4); "none"|20-75
43436|code|MOVS            R1, #1|1-33
43438|code|MOVS            R2, #0x22 ; '"'|34-34
43440|code|ADD             R3, PC; "none"|123-68
43442|code|STR             R3, [SP,#0x18+var_18]|0-147
43444|code|LDR             R3, =(aError - 0xA9BA); "error"|18-75
43446|code|ADD             R3, PC; "error"|123-68
43448|code|STR             R3, [SP,#0x18+var_14]|1-147
43450|code|LDR             R3, =(aInfo - 0xA9C0); "info"|18-75
43452|code|ADD             R3, PC; "info"|123-68
43454|code|STR             R3, [SP,#0x18+var_10]|2-147
43456|code|LDR             R3, =(aDebug - 0xA9C6); "debug"|17-75
43458|code|ADD             R3, PC; "debug"|123-68
43460|code|STR             R3, [SP,#0x18+var_C]|3-147
43462|code|LDR             R3, =(aLLogSSSS - 0xA9CC); "-l, --log [%s|%s|%s|%s]"|17-75
43464|code|ADD             R3, PC; "-l, --log [%s|%s|%s|%s]"|123-68
43466|code|BLX             __sprintf_chk|254-247-24-234
43470|code|LDR             R0, =(aHHelp - 0xA9D6); "-h, --help"|16-72
43472|code|LDR             R1, =(aDisplayCommand - 0xA9D8); "Display command usage info."|16-73
43474|code|ADD             R0, PC; "-h, --help"|120-68
43476|code|ADD             R1, PC; "Display command usage info."|121-68
43478|code|BL              sub_A98C|255-247-217-255
43482|code|LDR             R0, =(aVVersion - 0xA9E2); "-v, --version"|15-72
43484|code|LDR             R1, =(aDisplayCommand_0 - 0xA9E4); "Display command version info."|15-73
43486|code|ADD             R0, PC; "-v, --version"|120-68
43488|code|ADD             R1, PC; "Display command version info."|121-68
43490|code|BL              sub_A98C|255-247-211-255
43494|code|LDR             R1, =(aSetLoggingLeve - 0xA9EE); "Set logging level."|14-73
43496|code|MOV             R0, R4|32-70
43498|code|ADD             R1, PC; "Set logging level."|121-68
43500|code|BL              sub_A98C|255-247-206-255
43504|code|MOV             R0, R4; ptr|32-70
43506|code|ADD             SP, SP, #0x10|4-176
43508|code|POP.W           {R4,LR}|189-232-16-64
43512|code|B.W             j_free|254-247-174-185
43516|data|DCD aNone - 0xA9B4; "none"|88-16-0-0
43520|data|DCD aError - 0xA9BA; "error"|90-16-0-0
43524|data|DCD aInfo - 0xA9C0; "info"|92-16-0-0
43528|data|DCD aDebug - 0xA9C6; "debug"|94-16-0-0
43532|data|DCD aLLogSSSS - 0xA9CC; "-l, --log [%s|%s|%s|%s]"|40-16-0-0
43536|data|DCD aHHelp - 0xA9D6; "-h, --help"|86-16-0-0
43540|data|DCD aDisplayCommand - 0xA9D8; "Display command usage info."|96-16-0-0
43544|data|DCD aVVersion - 0xA9E2; "-v, --version"|114-16-0-0
43548|data|DCD aDisplayCommand_0 - 0xA9E4; "Display command version info."|128-16-0-0
43552|data|DCD aSetLoggingLeve - 0xA9EE; "Set logging level."|150-16-0-0
43556|code|LDR             R0, =(aUUnicode - 0xAA2C); "-u, --unicode"|2-72
43558|code|LDR             R1, =(aUseTssUnicodeE - 0xAA2E); "Use TSS UNICODE encoding for passwords "...|3-73
43560|code|ADD             R0, PC; "-u, --unicode"|120-68
43562|code|ADD             R1, PC; "Use TSS UNICODE encoding for passwords "...|121-68
43564|code|B.W             sub_A98C|255-247-174-191
43568|data|DCD aUUnicode - 0xAA2C; "-u, --unicode"|108-16-0-0
43572|data|DCD aUseTssUnicodeE - 0xAA2E; "Use TSS UNICODE encoding for passwords "...|122-16-0-0
43576|code|LDR             R0, =(aOPwdo - 0xAA40); "-o, --pwdo"|2-72
43578|code|LDR             R1, =(aOwnerPassword - 0xAA42); "Owner password"|3-73
43580|code|ADD             R0, PC; "-o, --pwdo"|120-68
43582|code|ADD             R1, PC; "Owner password"|121-68
43584|code|B.W             sub_A98C|255-247-164-191
43588|data|DCD aOPwdo - 0xAA40; "-o, --pwdo"|196-16-0-0
43592|data|DCD aOwnerPassword - 0xAA42; "Owner password"|206-16-0-0
43596|code|LDR             R0, =(aIIndex - 0xAA54); "-i, --index"|2-72
43598|code|LDR             R1, =(aIndexOfTheNvra - 0xAA56); "Index of the NVRAM area"|3-73
43600|code|ADD             R0, PC; "-i, --index"|120-68
43602|code|ADD             R1, PC; "Index of the NVRAM area"|121-68
43604|code|B.W             sub_A98C|255-247-154-191
43608|data|DCD aIIndex - 0xAA54; "-i, --index"|204-16-0-0
43612|data|DCD aIndexOfTheNvra - 0xAA56; "Index of the NVRAM area"|214-16-0-0
43616|code|MOV             R1, R0|1-70
43618|code|LDR             R0, =(aUsageSOptions - 0xAA6A); "Usage: %s [options]\n"|4-72
43620|code|PUSH            {R3,LR}|8-181
43622|code|ADD             R0, PC; "Usage: %s [options]\n"|120-68
43624|code|BL              sub_A8D8|255-247-54-255
43628|code|POP.W           {R3,LR}|189-232-8-64
43632|code|B.W             sub_A99C|255-247-148-191
43636|data|DCD aUsageSOptions - 0xAA6A; "Usage: %s [options]\n"|218-16-0-0
43640|code|PUSH            {R4-R6,LR}|112-181
43642|code|MOV             R4, R1|12-70
43644|code|MOV             R1, R0|1-70
43646|code|LDR             R0, =(aUsageSOptions_0 - 0xAA86); "Usage: %s [options]"|18-72
43648|code|MOV             R6, R2|22-70
43650|code|ADD             R0, PC; "Usage: %s [options]"|120-68
43652|code|BL              sub_A8D8|255-247-40-255
43656|code|LDR             R1, [R4]|33-104
43658|code|CBZ             R1, loc_AA9E|65-177
43660|code|LDR             R5, =(aS_0 - 0xAA92); " %s"|15-77
43662|code|ADD             R5, PC; " %s"|125-68
43664|code|MOV             R0, R5|40-70
43666|code|BL              sub_A8D8|255-247-33-255
43670|code|LDR.W           R1, [R4,#4]!|84-248-4-31
43674|code|CMP             R1, #0|0-41
43676|code|BNE             loc_AA90|248-209
43678|code|LDR             R0, =(aLabelS+0xC - 0xAAA4); "\n"|12-72
43680|code|ADD             R0, PC; "\n"|120-68
43682|code|BL              sub_A8D8|255-247-25-255
43686|code|LDR             R1, [R6]|49-104
43688|code|CBZ             R1, loc_AABE|73-177
43690|code|LDR             R5, =(aSVersionS+0xC - 0xAAB2); "%s\n"|10-77
43692|code|MOV             R4, R6|52-70
43694|code|ADD             R5, PC; "%s\n"|125-68
43696|code|MOV             R0, R5|40-70
43698|code|BL              sub_A8D8|255-247-17-255
43702|code|LDR.W           R1, [R4,#4]!|84-248-4-31
43706|code|CMP             R1, #0|0-41
43708|code|BNE             loc_AAB0|248-209
43710|code|POP.W           {R4-R6,LR}|189-232-112-64
43714|code|B.W             sub_A99C|255-247-107-191
43718|data|ALIGN 4|0-191
43720|data|DCD aUsageSOptions_0 - 0xAA86; "Usage: %s [options]"|214-16-0-0
43724|data|DCD aS_0 - 0xAA92; " %s"|222-16-0-0
43728|data|DCD aLabelS+0xC - 0xAAA4; "\n"|12-13-0-0
43732|data|DCD aSVersionS+0xC - 0xAAB2; "%s\n"|246-16-0-0
43736|code|CBNZ            R0, loc_AAE0|16-185
43738|code|LDR             R0, =(aFalse - 0xAAE0); "false"|3-72
43740|code|ADD             R0, PC; "false"|120-68
43742|code|BX              LR|112-71
43744|code|LDR             R0, =(aTrue - 0xAAE6); "true"|2-72
43746|code|ADD             R0, PC; "true"|120-68
43748|code|BX              LR|112-71
43750|data|ALIGN 4|0-191
43752|data|DCD aFalse - 0xAAE0; "false"|12-12-0-0
43756|data|DCD aTrue - 0xAAE6; "true"|254-11-0-0
43760|code|LDR             R1, =(aSFailed0x08xLd+0x18 - 0xAAFA); ""|8-73
43762|code|MOVS            R0, #6|6-32
43764|code|PUSH            {R4,LR}|16-181
43766|code|ADD             R1, PC; ""|121-68
43768|code|LDR             R4, =(aTpmTools - 0xAB04); "tpm-tools"|7-76
43770|code|BLX             setlocale|254-247-84-233
43774|code|LDR             R1, =(aUsrShareLocale - 0xAB06); "/usr/share/locale"|7-73
43776|code|ADD             R4, PC; "tpm-tools"|124-68
43778|code|ADD             R1, PC; "/usr/share/locale"|121-68
43780|code|MOV             R0, R4|32-70
43782|code|BLX             bindtextdomain|254-247-22-233
43786|code|MOV             R0, R4|32-70
43788|code|POP.W           {R4,LR}|189-232-16-64
43792|code|B.W             j_textdomain|254-247-108-185
43796|data|DCD aSFailed0x08xLd+0x18 - 0xAAFA; ""|26-8-0-0
43800|data|DCD aTpmTools - 0xAB04; "tpm-tools"|112-16-0-0
43804|data|DCD aUsrShareLocale - 0xAB06; "/usr/share/locale"|122-16-0-0
43808|code|PUSH.W          {R4-R11,LR}|45-233-240-79
43812|code|MOV             R9, R3|153-70
43814|code|LDR.W           R10, =(_GLOBAL_OFFSET_TABLE_ - 0xAB32)|223-248-168-162
43818|code|SUB             SP, SP, #0x34|141-176
43820|code|LDR             R3, =(__stack_chk_guard_ptr - 0x14000)|169-75
43822|code|ADD             R10, PC; _GLOBAL_OFFSET_TABLE_|250-68
43824|code|ADD             R7, SP, #8|2-175
43826|code|MOV             R6, R2|22-70
43828|code|MOV             R8, R1|136-70
43830|code|STR             R0, [R7,#0x2C+argc]|120-97
43832|code|LDR.W           R3, [R10,R3]; __stack_chk_guard|90-248-3-48
43836|code|LDR             R2, [R7,#0x2C+arg_4]|122-109
43838|code|LDR             R1, [R7,#0x2C+arg_8]|185-109
43840|code|STR             R3, [R7,#0x2C+var_14]|187-97
43842|code|LDR             R3, [R3]|27-104
43844|code|STR             R2, [R7,#0x2C+var_20]|250-96
43846|code|STR             R3, [R7,#0x2C+var_8]|123-98
43848|code|CMP             R1, #0|0-41
43850|code|BEQ.W           loc_ACDA|0-240-198-128
43854|code|STR             R1, [R7,#0x2C+var_1C]|57-97
43856|code|CMP             R6, #0|0-46
43858|code|BEQ.W           loc_ACB4|0-240-175-128
43862|code|MOV             R0, R6; s|48-70
43864|code|BLX             strlen|254-247-18-233
43868|code|LDR             R3, =(aHvlU - 0xAB64); "hvl:u"|158-75
43870|code|LDR             R1, [R7,#0x2C+arg_0]|57-109
43872|code|ADD             R3, PC; "hvl:u"|123-68
43874|code|ADD.W           R11, R1, #5|1-241-5-11
43878|code|MOV.W           R11, R11,LSL#4|79-234-11-27
43882|code|ADDS            R0, #0x14|20-48
43884|code|BIC.W           R0, R0, #7|32-240-7-0
43888|code|SUB.W           SP, SP, R0|173-235-0-13
43892|code|LDM.W           R3, {R0,R1}; "hvl:u"|147-232-3-0
43896|code|ADD             R4, SP, #0x34+dest|2-172
43898|code|ADD.W           R3, R11, #8|11-241-8-3
43902|code|SUB.W           SP, SP, R3|173-235-3-13
43906|code|STRH            R1, [R4,#4]|161-128
43908|code|MOV             R1, R6; src|49-70
43910|code|STR             R0, [R4]|32-96
43912|code|MOV             R0, R4; dest|32-70
43914|code|ADD             R5, SP, #0x34+dest|2-173
43916|code|BLX             strcat|254-247-40-233
43920|code|MOVS            R1, #0; c|0-33
43922|code|MOV             R2, R11; n|90-70
43924|code|MOV             R0, R5; s|40-70
43926|code|MOV             R6, R5|46-70
43928|code|BLX             memset|254-247-198-232
43932|code|LDR.W           LR, =(off_13EB8 - 0xABA4); "help"|223-248-60-226
43936|code|ADD             LR, PC; off_13EB8|254-68
43938|code|LDM.W           LR!, {R0-R3}; "help"|190-232-15-0
43942|code|STM             R6!, {R0-R3}|15-198
43944|code|LDM.W           LR!, {R0-R3}; "version"|190-232-15-0
43948|code|STM             R6!, {R0-R3}|15-198
43950|code|LDM.W           LR!, {R0-R3}; "log"|190-232-15-0
43954|code|STM             R6!, {R0-R3}|15-198
43956|code|LDM.W           LR, {R0-R3}; "unicode"|158-232-15-0
43960|code|STM.W           R6, {R0-R3}|134-232-15-0
43964|code|CMP.W           R9, #0|185-241-0-15
43968|code|BEQ             loc_ABD0|6-208
43970|code|LDR             R3, [R7,#0x2C+arg_0]|59-109
43972|code|ADD.W           R0, R5, #0x40 ; '@'; dest|5-241-64-0
43976|code|MOV             R1, R9; src|73-70
43978|code|LSLS            R2, R3, #4; n|26-1
43980|code|BLX             memcpy|254-247-228-232
43984|code|LDR.W           R11, =(aNone - 0xABDC); "none"|223-248-12-178
43988|code|LDR             R3, =(aError - 0xABDE); "error"|131-75
43990|code|LDR             R1, =(aInfo - 0xABE2); "info"|132-73
43992|code|ADD             R11, PC; "none"|251-68
43994|code|ADD             R3, PC; "error"|123-68
43996|code|STR             R3, [R7,#0x2C+msgid]|251-97
43998|code|ADD             R1, PC; "info"|121-68
44000|code|STR             R1, [R7,#0x2C+var_24]|185-96
44002|code|MOV             R3, R5; longopts|43-70
44004|code|LDR             R0, [R7,#0x2C+argc]; argc|120-105
44006|code|MOV             R1, R8; argv|65-70
44008|code|MOV             R2, R4; shortopts|34-70
44010|code|MOVS            R6, #0|0-38
44012|code|STR             R6, [SP,#0x34+longind]; longind|0-150
44014|code|BLX             getopt_long|254-247-188-232
44018|code|ADDS            R3, R0, #1|67-28
44020|code|BEQ.W           loc_AD0A|0-240-137-128
44024|code|CMP             R0, #0x6C ; 'l'|108-40
44026|code|BEQ             loc_AC82|66-208
44028|code|BGT             loc_AC14|10-220
44030|code|CMP             R0, #0x3F ; '?'|63-40
44032|code|BEQ             loc_AC42|31-208
44034|code|CMP             R0, #0x68 ; 'h'|104-40
44036|code|BNE             loc_AC1C|10-209
44038|code|LDR.W           R0, [R8]|216-248-0-0
44042|code|LDR             R1, [R7,#0x2C+var_1C]|57-105
44044|code|BLX             R1|136-71
44046|code|MOV.W           R0, #0xFFFFFFFF|79-240-255-48
44050|code|B               loc_AC4E|28-224
44052|code|CMP             R0, #0x75 ; 'u'|117-40
44054|code|BEQ             loc_AC36|14-208
44056|code|CMP             R0, #0x76 ; 'v'|118-40
44058|code|BEQ             loc_AC64|35-208
44060|code|LDR             R1, [R7,#0x2C+var_20]|249-104
44062|code|CMP             R1, #0|0-41
44064|code|BEQ.W           loc_ADC4|0-240-208-128
44068|code|LDR             R3, =(optarg_ptr - 0x14000)|113-75
44070|code|LDR             R2, [R7,#0x2C+var_20]|250-104
44072|code|LDR.W           R3, [R10,R3]; optarg|90-248-3-48
44076|code|LDR             R1, [R3]|25-104
44078|code|BLX             R2|144-71
44080|code|CMP             R0, #0|0-40
44082|code|BEQ             loc_ABE2|214-208
44084|code|B               loc_AC4E|11-224
44086|code|LDR             R3, =(useUnicode_ptr - 0x14000)|110-75
44088|code|MOVS            R2, #1|1-34
44090|code|LDR.W           R3, [R10,R3]; useUnicode|90-248-3-48
44094|code|STR             R2, [R3]|26-96
44096|code|B               loc_ABE2|207-231
44098|code|LDR.W           R0, [R8]|216-248-0-0
44102|code|LDR             R3, [R7,#0x2C+var_1C]|59-105
44104|code|BLX             R3|152-71
44106|code|MOV.W           R0, #0xFFFFFFFF|79-240-255-48
44110|code|LDR             R1, [R7,#0x2C+var_14]|185-105
44112|code|LDR             R2, [R7,#0x2C+var_8]|122-106
44114|code|LDR             R3, [R1]|11-104
44116|code|CMP             R2, R3|154-66
44118|code|BNE.W           loc_ADCA|64-240-184-128
44122|code|ADD.W           R7, R7, #0x2C ; ','|7-241-44-7
44126|code|MOV             SP, R7|189-70
44128|code|POP.W           {R4-R11,PC}|189-232-240-143
44132|code|LDR             R1, =(aSVersionS - 0xAC6E); "%s version: %s\n"|99-73
44134|code|MOVS            R2, #5; category|5-34
44136|code|MOV             R0, R6; domainname|48-70
44138|code|ADD             R1, PC; "%s version: %s\n"|121-68
44140|code|BLX             dcgettext|254-247-130-232
44144|code|LDR             R2, =(a138 - 0xAC7A); "1.3.8"|97-74
44146|code|LDR.W           R1, [R8]|216-248-0-16
44150|code|ADD             R2, PC; "1.3.8"|122-68
44152|code|BL              sub_A8D8|255-247-46-254
44156|code|MOV.W           R0, #0xFFFFFFFF|79-240-255-48
44160|code|B               loc_AC4E|229-231
44162|code|LDR             R3, =(optarg_ptr - 0x14000)|90-75
44164|code|LDR.W           R3, [R10,R3]; optarg|90-248-3-48
44168|code|LDR.W           R9, [R3]|211-248-0-144
44172|code|STR             R3, [R7,#0x2C+var_28]|123-96
44174|code|CMP.W           R9, #0|185-241-0-15
44178|code|BEQ.W           loc_ADB6|0-240-144-128
44182|code|MOV             R1, R11; msgid|89-70
44184|code|MOVS            R2, #5; category|5-34
44186|code|MOV             R0, R6; domainname|48-70
44188|code|BLX             dcgettext|254-247-106-232
44192|code|MOV             R1, R0; s2|1-70
44194|code|MOV             R0, R9; s1|72-70
44196|code|BLX             strcmp|254-247-188-232
44200|code|CBNZ            R0, loc_ACE4|224-185
44202|code|LDR             R3, =(iLogLevel_ptr - 0x14000)|84-75
44204|code|LDR.W           R3, [R10,R3]; iLogLevel|90-248-3-48
44208|code|STR             R0, [R3]|24-96
44210|code|B               loc_ABE2|150-231
44212|code|LDR             R2, [R7,#0x2C+arg_0]|58-109
44214|code|SUB             SP, SP, #0x10|132-176
44216|code|LDR             R3, =(aHvlU - 0xACC4); "hvl:u"|81-75
44218|code|ADD             R4, SP, #0x44+var_3C|2-172
44220|code|ADD.W           R11, R2, #5|2-241-5-11
44224|code|ADD             R3, PC; "hvl:u"|123-68
44226|code|MOV.W           R11, R11,LSL#4|79-234-11-27
44230|code|LDM.W           R3, {R0,R1}; "hvl:u"|147-232-3-0
44234|code|ADD.W           R3, R11, #8|11-241-8-3
44238|code|SUB.W           SP, SP, R3|173-235-3-13
44242|code|ADD             R5, SP, #0x44+var_3C|2-173
44244|code|STR             R0, [R4]|32-96
44246|code|STRH            R1, [R4,#4]|161-128
44248|code|B               loc_AB90|90-231
44250|code|LDR             R3, =(logCmdHelp_ptr - 0x14000)|74-75
44252|code|LDR.W           R3, [R10,R3]; logCmdHelp|90-248-3-48
44256|code|STR             R3, [R7,#0x2C+var_1C]|59-97
44258|code|B               loc_AB50|53-231
44260|code|LDR             R3, [R7,#0x2C+var_28]|123-104
44262|code|MOVS            R2, #5; category|5-34
44264|code|LDR             R1, [R7,#0x2C+msgid]; msgid|249-105
44266|code|MOV             R0, R6; domainname|48-70
44268|code|LDR.W           R9, [R3]|211-248-0-144
44272|code|BLX             dcgettext|254-247-64-232
44276|code|MOV             R1, R0; s2|1-70
44278|code|MOV             R0, R9; s1|72-70
44280|code|BLX             strcmp|254-247-146-232
44284|code|CBNZ            R0, loc_AD0E|56-185
44286|code|LDR             R3, =(iLogLevel_ptr - 0x14000)|63-75
44288|code|MOVS            R2, #1|1-34
44290|code|LDR.W           R3, [R10,R3]; iLogLevel|90-248-3-48
44294|code|STR             R2, [R3]|26-96
44296|code|B               loc_ABE2|107-231
44298|code|MOV             R0, R6|48-70
44300|code|B               loc_AC4E|159-231
44302|code|LDR             R3, [R7,#0x2C+var_28]|123-104
44304|code|MOVS            R2, #5; category|5-34
44306|code|LDR             R1, [R7,#0x2C+var_24]; msgid|185-104
44308|code|MOV             R0, R6; domainname|48-70
44310|code|LDR.W           R9, [R3]|211-248-0-144
44314|code|BLX             dcgettext|254-247-44-232
44318|code|MOV             R1, R0; s2|1-70
44320|code|MOV             R0, R9; s1|72-70
44322|code|BLX             strcmp|254-247-126-232
44326|code|CBNZ            R0, loc_AD34|40-185
44328|code|LDR             R3, =(iLogLevel_ptr - 0x14000)|52-75
44330|code|MOVS            R2, #2|2-34
44332|code|LDR.W           R3, [R10,R3]; iLogLevel|90-248-3-48
44336|code|STR             R2, [R3]|26-96
44338|code|B               loc_ABE2|86-231
44340|code|LDR             R1, [R7,#0x2C+var_28]|121-104
44342|code|MOVS            R2, #5; category|5-34
44344|code|LDR.W           R9, =(aDebug - 0xAD44); "debug"|223-248-204-144
44348|code|MOV             R0, R6; domainname|48-70
44350|code|LDR             R3, [R1]|11-104
44352|code|ADD             R9, PC; "debug"|249-68
44354|code|MOV             R1, R9; msgid|73-70
44356|code|STR             R3, [R7,#0x2C+dest]|59-96
44358|code|BLX             dcgettext|254-247-22-232
44362|code|LDR             R3, [R7,#0x2C+dest]|59-104
44364|code|MOV             R1, R0; s2|1-70
44366|code|MOV             R0, R3; s1|24-70
44368|code|BLX             strcmp|254-247-102-232
44372|code|CBNZ            R0, loc_AD62|40-185
44374|code|LDR             R3, =(iLogLevel_ptr - 0x14000)|41-75
44376|code|MOVS            R2, #3|3-34
44378|code|LDR.W           R3, [R10,R3]; iLogLevel|90-248-3-48
44382|code|STR             R2, [R3]|26-96
44384|code|B               loc_ABE2|63-231
44386|code|LDR             R1, =(aValidLogLevels - 0xAD6C); "Valid log levels are: %s, %s, %s, %s\n"|42-73
44388|code|MOVS            R2, #5; category|5-34
44390|code|MOV             R0, R6; domainname|48-70
44392|code|ADD             R1, PC; "Valid log levels are: %s, %s, %s, %s\n"|121-68
44394|code|BLX             dcgettext|254-247-4-232
44398|code|MOV             R1, R11; msgid|89-70
44400|code|MOVS            R2, #5; category|5-34
44402|code|MOV             R12, R0|132-70
44404|code|MOV             R0, R6; domainname|48-70
44406|code|STR.W           R12, [R7,#0x2C+dest]|199-248-0-192
44410|code|BLX             dcgettext|253-247-252-239
44414|code|LDR             R1, [R7,#0x2C+msgid]; msgid|249-105
44416|code|MOVS            R2, #5; category|5-34
44418|code|MOV             R4, R0|4-70
44420|code|MOV             R0, R6; domainname|48-70
44422|code|BLX             dcgettext|253-247-246-239
44426|code|LDR             R1, [R7,#0x2C+var_24]; msgid|185-104
44428|code|MOVS            R2, #5; category|5-34
44430|code|MOV             R10, R0|130-70
44432|code|MOV             R0, R6; domainname|48-70
44434|code|BLX             dcgettext|253-247-240-239
44438|code|MOV             R1, R9; msgid|73-70
44440|code|MOVS            R2, #5; category|5-34
44442|code|MOV             R11, R0|131-70
44444|code|MOV             R0, R6; domainname|48-70
44446|code|BLX             dcgettext|253-247-234-239
44450|code|LDR.W           R12, [R7,#0x2C+dest]|215-248-0-192
44454|code|MOV             R1, R4|33-70
44456|code|MOV             R2, R10|82-70
44458|code|MOV             R3, R11|91-70
44460|code|MOV             R5, R0|5-70
44462|code|MOV             R0, R12|96-70
44464|code|STR             R5, [SP,#0x34+longind]|0-149
44466|code|BL              sub_A8D8|255-247-145-253
44470|code|LDR.W           R0, [R8]|216-248-0-0
44474|code|LDR             R2, [R7,#0x2C+var_1C]|58-105
44476|code|BLX             R2|144-71
44478|code|MOV.W           R0, #0xFFFFFFFF|79-240-255-48
44482|code|B               loc_AC4E|68-231
44484|code|MOV.W           R0, #0xFFFFFFFF|79-240-255-48
44488|code|B               loc_AC4E|65-231
44490|code|BLX             __stack_chk_fail|253-247-254-239
44494|data|ALIGN 0x10|0-191
44496|data|DCD _GLOBAL_OFFSET_TABLE_ - 0xAB32|206-148-0-0
44500|data|DCD __stack_chk_guard_ptr - 0x14000|164-0-0-0
44504|data|DCD aHvlU - 0xAB64; "hvl:u"|48-16-0-0
44508|data|DCD off_13EB8 - 0xABA4; "help"|20-147-0-0
44512|data|DCD aNone - 0xABDC; "none"|48-14-0-0
44516|data|DCD aError - 0xABDE; "error"|54-14-0-0
44520|data|DCD aInfo - 0xABE2; "info"|58-14-0-0
44524|data|DCD optarg_ptr - 0x14000|192-0-0-0
44528|data|DCD useUnicode_ptr - 0x14000|168-0-0-0
44532|data|DCD aSVersionS - 0xAC6E; "%s version: %s\n"|46-15-0-0
44536|data|DCD a138 - 0xAC7A; "1.3.8"|50-15-0-0
44540|data|DCD iLogLevel_ptr - 0x14000|156-0-0-0
44544|data|DCD aHvlU - 0xACC4; "hvl:u"|208-14-0-0
44548|data|DCD logCmdHelp_ptr - 0x14000|136-0-0-0
44552|data|DCD aDebug - 0xAD44; "debug"|224-12-0-0
44556|data|DCD aValidLogLevels - 0xAD6C; "Valid log levels are: %s, %s, %s, %s\n"|72-14-0-0
44560|code|PUSH            {R4,LR}|16-181
44562|code|MOV             R4, R0|4-70
44564|code|CBZ             R0, locret_AE2E|88-177
44566|code|BLX             strlen|253-247-180-239
44570|code|MOVS            R1, #0; c|0-33
44572|code|MOV             R2, R0; n|2-70
44574|code|MOV             R0, R4; s|32-70
44576|code|BLX             memset|253-247-130-239
44580|code|MOV             R0, R4|32-70
44582|code|POP.W           {R4,LR}|189-232-16-64
44586|code|B.W             j_free|253-247-149-191
44590|code|POP             {R4,PC}|16-189
44592|code|PUSH.W          {R4-R8,LR}|45-233-240-65
44596|code|MOV             R5, R1|13-70
44598|code|MOV             R4, R2|20-70
44600|code|MOV             R8, R3|152-70
44602|code|BLX             getpass|253-247-94-239
44606|code|MOV             R6, R0|6-70
44608|code|BLX             __strdup|253-247-232-239
44612|code|MOV             R7, R0|7-70
44614|code|CMP             R0, #0|0-40
44616|code|BEQ             loc_AEB8|54-208
44618|code|LDR             R1, =(aConfirmPasswor - 0xAE54); "Confirm password: "|32-73
44620|code|MOVS            R0, #0; domainname|0-32
44622|code|MOVS            R2, #5; category|5-34
44624|code|ADD             R1, PC; "Confirm password: "|121-68
44626|code|BLX             dcgettext|253-247-144-239
44630|code|CBZ             R4, loc_AE6A|68-177
44632|code|BLX             getpass|253-247-78-239
44636|code|MOV             R6, R0|6-70
44638|code|CMP             R0, #0|0-40
44640|code|BEQ             loc_AEBC|44-208
44642|code|MOV             R1, R7; s2|57-70
44644|code|BLX             strcmp|253-247-220-239
44648|code|CBNZ            R0, loc_AEA2|216-185
44650|code|MOV             R0, R7; s|56-70
44652|code|BLX             strlen|253-247-136-239
44656|code|STR             R0, [R5]|40-96
44658|code|CMP.W           R8, #0|184-241-0-15
44662|code|BNE             loc_AE90|11-209
44664|code|CBZ             R6, loc_AE8A|62-177
44666|code|MOV             R0, R6; s|48-70
44668|code|BLX             strlen|253-247-128-239
44672|code|MOVS            R1, #0; c|0-33
44674|code|MOV             R2, R0; n|2-70
44676|code|MOV             R0, R6; s|48-70
44678|code|BLX             memset|253-247-80-239
44682|code|MOV             R0, R7|56-70
44684|code|POP.W           {R4-R8,PC}|189-232-240-129
44688|code|MOV             R0, R7|56-70
44690|code|BL              sub_AE10|255-247-189-255
44694|code|MOV             R0, R6|48-70
44696|code|MOV             R1, R5|41-70
44698|code|BLX             Trspi_Native_To_UNICODE|253-247-120-239
44702|code|MOV             R7, R0|7-70
44704|code|B               loc_AE78|234-231
44706|code|LDR             R1, =(aPasswordsDidnT - 0xAEAC); "Passwords didn't match\n"|11-73
44708|code|MOVS            R2, #5; category|5-34
44710|code|MOVS            R0, #0; domainname|0-32
44712|code|ADD             R1, PC; "Passwords didn't match\n"|121-68
44714|code|BLX             dcgettext|253-247-100-239
44718|code|BL              sub_A8D8|255-247-19-253
44722|code|MOV             R0, R7|56-70
44724|code|BL              sub_AE10|255-247-172-255
44728|code|MOVS            R7, #0|0-39
44730|code|B               loc_AE78|221-231
44732|code|MOV             R0, R7|56-70
44734|code|MOV             R7, R6|55-70
44736|code|BL              sub_AE10|255-247-166-255
44740|code|MOV             R0, R7|56-70
44742|code|POP.W           {R4-R8,PC}|189-232-240-129
44746|data|ALIGN 4|0-191
44748|data|DCD aConfirmPasswor - 0xAE54; "Confirm password: "|160-13-0-0
44752|data|DCD aPasswordsDidnT - 0xAEAC; "Passwords didn't match\n"|48-13-0-0
44756|code|PUSH            {LR}|0-181
44758|code|SUB             SP, SP, #0xC|131-176
44760|code|MOV             R2, R1|10-70
44762|code|MOVS            R3, #0|0-35
44764|code|ADD             R1, SP, #4|1-169
44766|code|BL              sub_AE30|255-247-167-255
44770|code|ADD             SP, SP, #0xC|3-176
44772|code|POP             {PC}|0-189
44774|data|ALIGN 4|0-191
44776|code|PUSH.W          {R4-R8,LR}|45-233-240-65
44780|code|ADDS            R6, R1, #2|142-28
44782|code|LDR             R7, =(_GLOBAL_OFFSET_TABLE_ - 0xAEFA)|33-79
44784|code|MOVS            R5, #0|0-37
44786|code|CMP             R6, #0|0-46
44788|code|MOV             R4, R1|12-70
44790|code|ADD             R7, PC; _GLOBAL_OFFSET_TABLE_|127-68
44792|code|MOV             R8, R0|128-70
44794|code|BLE             loc_AF5A|46-221
44796|code|MOV             R0, R6|48-70
44798|code|MOVS            R1, #1|1-33
44800|code|BLX             calloc|253-247-6-239
44804|code|MOV             R5, R0|5-70
44806|code|CBZ             R0, loc_AF5A|64-179
44808|code|LDR             R0, =(aS_1 - 0xAF10); "%s"|27-72
44810|code|MOV             R1, R8|65-70
44812|code|ADD             R0, PC; "%s"|120-68
44814|code|BL              sub_A8D8|255-247-227-252
44818|code|LDR             R3, =(stdin_ptr - 0x14000)|26-75
44820|code|MOV             R0, R5|40-70
44822|code|MOV             R1, R6|49-70
44824|code|LDR             R3, [R7,R3]; stdin|251-88
44826|code|LDR             R2, [R3]|26-104
44828|code|BLX             fgets|253-247-242-238
44832|code|MOV             R5, R0|5-70
44834|code|CBZ             R0, loc_AF5A|208-177
44836|code|LDRB            R3, [R0,R4]|3-93
44838|code|ADDS            R2, R0, R4|2-25
44840|code|SUBS.W          R1, R3, #0xA|179-241-10-1
44844|code|IT NE|24-191
44846|code|MOVNE           R1, #1|1-33
44848|code|CMP             R3, #0|0-43
44850|code|ITE EQ|12-191
44852|code|MOVEQ           R3, #0|0-35
44854|code|ANDNE.W         R3, R1, #1|1-240-1-3
44858|code|CBNZ            R3, loc_AF6A|179-185
44860|code|ADDS            R4, #1|1-52
44862|code|BMI             loc_AF5A|12-212
44864|code|LDRB            R3, [R0,R4]|3-93
44866|code|SUBS            R1, R0, #1|65-30
44868|code|ADDS            R4, R0, R4|4-25
44870|code|CBNZ            R3, loc_AF56|51-185
44872|code|CMP             R2, R1|138-66
44874|code|MOV             R4, R2|20-70
44876|code|BEQ             loc_AF5A|5-208
44878|code|LDRB.W          R3, [R2],#-1|18-248-1-57
44882|code|CMP             R3, #0|0-43
44884|code|BEQ             loc_AF48|248-208
44886|code|CMP             R3, #0xA|10-43
44888|code|BEQ             loc_AF60|2-208
44890|code|MOV             R0, R5|40-70
44892|code|POP.W           {R4-R8,PC}|189-232-240-129
44896|code|MOVS            R3, #0|0-35
44898|code|MOV             R0, R5|40-70
44900|code|STRB            R3, [R4]|35-112
44902|code|POP.W           {R4-R8,PC}|189-232-240-129
44906|code|MOVS            R5, #0|0-37
44908|code|BLX             free|253-247-246-238
44912|code|B               loc_AF5A|243-231
44914|data|ALIGN 4|0-191
44916|data|DCD _GLOBAL_OFFSET_TABLE_ - 0xAEFA|6-145-0-0
44920|data|DCD aS_1 - 0xAF10; "%s"|248-12-0-0
44924|data|DCD stdin_ptr - 0x14000|172-0-0-0
44928|code|PUSH.W          {R3-R9,LR}|45-233-248-67
44932|code|MOV             R6, R0|6-70
44934|code|LDR             R5, =(off_13EAC - 0xAF94)|13-77
44936|code|MOV             R7, R1|15-70
44938|code|LDR.W           R9, =(off_13EB0 - 0xAF9A)|223-248-52-144
44942|code|MOV             R8, R2|144-70
44944|code|ADD             R5, PC; off_13EAC|125-68
44946|code|BL              .init_proc|253-247-135-254
44950|code|ADD             R9, PC; off_13EB0|249-68
44952|code|RSB.W           R9, R5, R9|197-235-9-9
44956|code|MOVS.W          R9, R9,ASR#2|95-234-169-9
44960|code|BEQ             locret_AFB6|9-208
44962|code|MOVS            R4, #0|0-36
44964|code|LDR.W           R3, [R5],#4|85-248-4-59
44968|code|MOV             R0, R6|48-70
44970|code|MOV             R1, R7|57-70
44972|code|MOV             R2, R8|66-70
44974|code|ADDS            R4, #1|1-52
44976|code|BLX             R3; sub_9038|152-71
44978|code|CMP             R4, R9|76-69
44980|code|BNE             loc_AFA4|246-209
44982|code|POP.W           {R3-R9,PC}|189-232-248-131
44986|data|ALIGN 4|0-191
44988|data|DCD off_13EAC - 0xAF94|24-143-0-0
44992|data|DCD off_13EB0 - 0xAF9A|22-143-0-0
44996|code|BX              LR|112-71
44998|data|ALIGN 4|0-191
45000|code|PUSH            {R3,LR}; _fini|8-181
45002|code|NOP|0-191
45004|code|POP             {R3,PC}|8-189
45006|data|DCW 0|0-0
81580|data|DCD sub_9038+1|57-144-0-0
81584|data|DCD sub_9028+1|41-144-0-0
81588|data|DCD 0|0-0-0-0
81592|data|DCD aHelp; "help"|12-188-0-0
81596|data|ALIGN 0x10|0-0-0-0
81608|data|DCD aVersion; "version"|20-188-0-0
81612|data|ALIGN 0x10|0-0-0-0
81624|data|DCD aLog; "log"|28-188-0-0
81640|data|DCD aUnicode; "unicode"|32-188-0-0
81644|data|ALIGN 0x10|0-0-0-0
81656|data|Elf32_Dyn <1, <1>>; DT_NEEDED libtspi.so.1|1-0-0-0-1-0-0-0
81664|data|Elf32_Dyn <1, <0x55>>; DT_NEEDED libdl.so.2|1-0-0-0-85-0-0-0
81672|data|Elf32_Dyn <1, <0x7D>>; DT_NEEDED libc.so.6|1-0-0-0-125-0-0-0
81680|data|Elf32_Dyn <1, <0x182>>; DT_NEEDED ld-linux-armhf.so.3|1-0-0-0-130-1-0-0
81688|data|Elf32_Dyn <0xC, <0x8CA5>>; DT_INIT|12-0-0-0-165-140-0-0
81696|data|Elf32_Dyn <0xD, <0xAFC9>>; DT_FINI|13-0-0-0-201-175-0-0
81704|data|Elf32_Dyn <0x19, <0x13EAC>>; DT_INIT_ARRAY|25-0-0-0-172-62-1-0
81712|data|Elf32_Dyn <0x1B, <4>>; DT_INIT_ARRAYSZ|27-0-0-0-4-0-0-0
81720|data|Elf32_Dyn <0x1A, <0x13EB0>>; DT_FINI_ARRAY|26-0-0-0-176-62-1-0
81728|data|Elf32_Dyn <0x1C, <4>>; DT_FINI_ARRAYSZ|28-0-0-0-4-0-0-0
81736|data|Elf32_Dyn <4, <0x81B4>>; DT_HASH|4-0-0-0-180-129-0-0
81744|data|Elf32_Dyn <0x6FFFFEF5, <0x8330>>; DT_GNU_HASH|245-254-255-111-48-131-0-0
81752|data|Elf32_Dyn <5, <0x8858>>; DT_STRTAB|5-0-0-0-88-136-0-0
81760|data|Elf32_Dyn <6, <0x84D8>>; DT_SYMTAB|6-0-0-0-216-132-0-0
81768|data|Elf32_Dyn <0xA, <0x253>>; DT_STRSZ|10-0-0-0-83-2-0-0
81776|data|Elf32_Dyn <0xB, <0x10>>; DT_SYMENT|11-0-0-0-16-0-0-0
81784|data|Elf32_Dyn <0x15, <0>>; DT_DEBUG|21-0-0-0-0-0-0-0
81792|data|Elf32_Dyn <3, <0x14000>>; DT_PLTGOT|3-0-0-0-0-64-1-0
81800|data|Elf32_Dyn <2, <0xF0>>; DT_PLTRELSZ|2-0-0-0-240-0-0-0
81808|data|Elf32_Dyn <0x14, <0x11>>; DT_PLTREL|20-0-0-0-17-0-0-0
81816|data|Elf32_Dyn <0x17, <0x8BB4>>; DT_JMPREL|23-0-0-0-180-139-0-0
81824|data|Elf32_Dyn <0x11, <0x8B7C>>; DT_REL|17-0-0-0-124-139-0-0
81832|data|Elf32_Dyn <0x12, <0x38>>; DT_RELSZ|18-0-0-0-56-0-0-0
81840|data|Elf32_Dyn <0x13, <8>>; DT_RELENT|19-0-0-0-8-0-0-0
81848|data|Elf32_Dyn <0x6FFFFFFE, <0x8B1C>>; DT_VERNEED|254-255-255-111-28-139-0-0
81856|data|Elf32_Dyn <0x6FFFFFFF, <3>>; DT_VERNEEDNUM|255-255-255-111-3-0-0-0
81864|data|Elf32_Dyn <0x6FFFFFF0, <0x8AAC>>; DT_VERSYM|240-255-255-111-172-138-0-0
81872|data|Elf32_Dyn <0>; DT_NULL|0-0-0-0-0-0-0-0
81880|data|ALIGN 0x40|0-0-0-0-0-0-0-0-0-0-0-0-0-0-0-0-0-0-0-0-0-0-0-0-0-0-0-0-0-0-0-0-0-0-0-0-0-0-0-0
81920|data|DCD stru_13EF8|248-62-1-0
81924|data|DCD 0|0-0-0-0
81928|data|DCD 0|0-0-0-0
81932|data|DCD __imp_abort|228-65-1-0
81936|data|DCD __imp___libc_start_main|212-65-1-0
81940|data|DCD __imp___gmon_start__|40-66-1-0
81944|data|DCD __imp_strncpy|248-65-1-0
81948|data|DCD __imp_getpass|188-65-1-0
81952|data|DCD __imp_fgets|20-66-1-0
81956|data|DCD __imp_calloc|36-66-1-0
81960|data|DCD __imp_dlclose|204-65-1-0
81964|data|DCD __imp_memset|244-65-1-0
81968|data|DCD __imp_bindtextdomain|24-66-1-0
81972|data|DCD __imp___strncpy_chk|0-66-1-0
81976|data|DCD __imp_dlopen|216-65-1-0
81980|data|DCD __imp_free|208-65-1-0
81984|data|DCD __imp_getopt_long|236-65-1-0
81988|data|DCD __imp_dcgettext|240-65-1-0
81992|data|DCD __imp_strlen|232-65-1-0
81996|data|DCD __imp_Trspi_Native_To_UNICODE|192-65-1-0
82000|data|DCD __imp_memcpy|252-65-1-0
82004|data|DCD __imp_setlocale|180-65-1-0
82008|data|DCD __imp___vfprintf_chk|32-66-1-0
82012|data|DCD __imp_malloc|184-65-1-0
82016|data|DCD __imp___stack_chk_fail|28-66-1-0
82020|data|DCD __imp_dlerror|12-66-1-0
82024|data|DCD __imp_strcat|200-65-1-0
82028|data|DCD __imp_textdomain|220-65-1-0
82032|data|DCD __imp___sprintf_chk|224-65-1-0
82036|data|DCD __imp_strncmp|8-66-1-0
82040|data|DCD __imp___strdup|196-65-1-0
82044|data|DCD __imp_strcmp|16-66-1-0
82048|data|DCD __imp_dlsym|4-66-1-0
82052|data|DCD __imp___gmon_start__|40-66-1-0
82056|data|DCD logCmdHelp+1|97-170-0-0
82060|data|DCD g_tToken|252-64-1-0
82064|data|DCD g_tSlotId|156-65-1-0
82068|data|DCD g_pSoLib|244-64-1-0
82072|data|DCD g_bTokenOpen|232-64-1-0
82076|data|DCD iLogLevel|208-64-1-0
82080|data|DCD g_pFcnList|240-64-1-0
82084|data|DCD __stack_chk_guard|216-64-1-0
82088|data|DCD useUnicode|248-64-1-0
82092|data|DCD stdin|164-65-1-0
82096|data|DCD g_bInit|236-64-1-0
82100|data|DCD stdout|168-65-1-0
82104|data|DCD g_pszSoLib|204-64-1-0
82108|data|DCD stderr|172-65-1-0
82112|data|DCD optarg|176-65-1-0
82116|data|ALIGN 8|0-0-0-0
82124|data|DCD aLibopencryptok; "libopencryptoki.so.0"|196-185-0-0
82128|data|DCD 1|1-0-0-0
82136|data|% 4; Copy of shared data|255-255-255-255
82140|data|% 1|255
82141|data|ALIGN 0x10|255-255-255
82144|data|% 4|255-255-255-255
82148|data|% 4|255-255-255-255
82152|data|% 4|255-255-255-255
82156|data|% 4|255-255-255-255
82160|data|% 4|255-255-255-255
82164|data|% 4|255-255-255-255
82168|data|% 4|255-255-255-255
82268|data|% 4|255-255-255-255
82288|data|% 4|255-255-255-255
82292|data|% 4|255-255-255-255
82332|data|% 4|255-255-255-255
82340|data|IMPORT stdin|0-0-0-0
82344|data|IMPORT stdout|0-0-0-0
82348|data|IMPORT stderr|0-0-0-0
82352|data|IMPORT optarg|0-0-0-0
82356|code|IMPORT __imp_setlocale|0-0-0-0
82360|code|IMPORT __imp_malloc|0-0-0-0
82364|code|IMPORT __imp_getpass|0-0-0-0
82368|code|IMPORT __imp_Trspi_Native_To_UNICODE|0-0-0-0
82372|code|IMPORT __imp___strdup|0-0-0-0
82376|code|IMPORT __imp_strcat|0-0-0-0
82380|code|IMPORT __imp_dlclose|0-0-0-0
82384|code|IMPORT __imp_free|0-0-0-0
82388|code|IMPORT __imp___libc_start_main|0-0-0-0
82392|code|IMPORT __imp_dlopen|0-0-0-0
82396|code|IMPORT __imp_textdomain|0-0-0-0
82400|code|IMPORT __imp___sprintf_chk|0-0-0-0
82404|code|IMPORT __imp_abort|0-0-0-0
82408|code|IMPORT __imp_strlen|0-0-0-0
82412|code|IMPORT __imp_getopt_long|0-0-0-0
82416|code|IMPORT __imp_dcgettext|0-0-0-0
82420|code|IMPORT __imp_memset|0-0-0-0
82424|code|IMPORT __imp_strncpy|0-0-0-0
82428|code|IMPORT __imp_memcpy|0-0-0-0
82432|code|IMPORT __imp___strncpy_chk|0-0-0-0
82436|code|IMPORT __imp_dlsym|0-0-0-0
82440|code|IMPORT __imp_strncmp|0-0-0-0
82444|code|IMPORT __imp_dlerror|0-0-0-0
82448|code|IMPORT __imp_strcmp|0-0-0-0
82452|code|IMPORT __imp_fgets|0-0-0-0
82456|code|IMPORT __imp_bindtextdomain|0-0-0-0
82460|code|IMPORT __imp___stack_chk_fail|0-0-0-0
82464|code|IMPORT __imp___vfprintf_chk|0-0-0-0
82468|code|IMPORT __imp_calloc|0-0-0-0
