address|type|disassembly|bytes
65536|data|DCD 0x464C457F; File format: \x7FELF|127-69-76-70
65540|data|DCB 1; File class: 32-bit|1
65541|data|DCB 1; Data encoding: little-endian|1
65542|data|DCB 1; File version|1
65543|data|DCB 0; OS/ABI: UNIX System V ABI|0
65544|data|DCB 0; ABI Version|0
65545|data|DCB 0, 0, 0, 0, 0, 0, 0; Padding|0-0-0-0-0-0-0
65552|data|DCW 2; File type: Executable|2-0
65554|data|DCW 0x28; Machine: ARM|40-0
65556|data|DCD 1; File version|1-0-0-0
65560|data|DCD start+1; Entry point|221-29-1-0
65564|data|DCD 0x34; PHT file offset|52-0-0-0
65568|data|DCD 0x5244; SHT file offset|68-82-0-0
65572|data|DCD 0x5000402; Processor-specific flags|2-4-0-5
65576|data|DCW 0x34; ELF header size|52-0
65578|data|DCW 0x20; PHT entry size|32-0
65580|data|DCW 9; Number of entries in PHT|9-0
65582|data|DCW 0x28; SHT entry size|40-0
65584|data|DCW 0x1C; Number of entries in SHT|28-0
65586|data|DCW 0x1B; SHT entry index for string table|27-0
65588|data|DCD 0x70000001; Type: EXIDX|1-0-0-112
65592|data|DCD 0x4710; File offset|16-71-0-0
65596|data|DCD unk_14710; Virtual address|16-71-1-0
65600|data|DCD 0x14710; Physical address|16-71-1-0
65604|data|DCD 8; Size in file image|8-0-0-0
65608|data|DCD 8; Size in memory image|8-0-0-0
65612|data|DCD 4; Flags|4-0-0-0
65616|data|DCD 4; Alignment|4-0-0-0
65620|data|DCD 6; Type: PHDR|6-0-0-0
65624|data|DCD 0x34; File offset|52-0-0-0
65628|data|DCD dword_10034; Virtual address|52-0-1-0
65632|data|DCD 0x10034; Physical address|52-0-1-0
65636|data|DCD 0x120; Size in file image|32-1-0-0
65640|data|DCD 0x120; Size in memory image|32-1-0-0
65644|data|DCD 5; Flags|5-0-0-0
65648|data|DCD 4; Alignment|4-0-0-0
65652|data|DCD 3; Type: INTERP|3-0-0-0
65656|data|DCD 0x154; File offset|84-1-0-0
65660|data|DCD aLibLdLinuxArmh; Virtual address|84-1-1-0
65664|data|DCD 0x10154; Physical address|84-1-1-0
65668|data|DCD 0x19; Size in file image|25-0-0-0
65672|data|DCD 0x19; Size in memory image|25-0-0-0
65676|data|DCD 4; Flags|4-0-0-0
65680|data|DCD 1; Alignment|1-0-0-0
65684|data|DCD 1; Type: LOAD|1-0-0-0
65688|data|DCD 0; File offset|0-0-0-0
65692|data|DCD dword_10000; Virtual address|0-0-1-0
65696|data|DCD 0x10000; Physical address|0-0-1-0
65700|data|DCD 0x471C; Size in file image|28-71-0-0
65704|data|DCD 0x471C; Size in memory image|28-71-0-0
65708|data|DCD 5; Flags|5-0-0-0
65712|data|DCD 0x10000; Alignment|0-0-1-0
65716|data|DCD 1; Type: LOAD|1-0-0-0
65720|data|DCD 0x4EEC; File offset|236-78-0-0
65724|data|DCD off_24EEC; Virtual address|236-78-2-0
65728|data|DCD 0x24EEC; Physical address|236-78-2-0
65732|data|DCD 0x210; Size in file image|16-2-0-0
65736|data|DCD 0x62F4; Size in memory image|244-98-0-0
65740|data|DCD 6; Flags|6-0-0-0
65744|data|DCD 0x10000; Alignment|0-0-1-0
65748|data|DCD 2; Type: DYNAMIC|2-0-0-0
65752|data|DCD 0x4EF8; File offset|248-78-0-0
65756|data|DCD stru_24EF8; Virtual address|248-78-2-0
65760|data|DCD 0x24EF8; Physical address|248-78-2-0
65764|data|DCD 0x108; Size in file image|8-1-0-0
65768|data|DCD 0x108; Size in memory image|8-1-0-0
65772|data|DCD 6; Flags|6-0-0-0
65776|data|DCD 4; Alignment|4-0-0-0
65780|data|DCD 4; Type: NOTE|4-0-0-0
65784|data|DCD 0x170; File offset|112-1-0-0
65788|data|DCD dword_10170; Virtual address|112-1-1-0
65792|data|DCD 0x10170; Physical address|112-1-1-0
65796|data|DCD 0x44; Size in file image|68-0-0-0
65800|data|DCD 0x44; Size in memory image|68-0-0-0
65804|data|DCD 4; Flags|4-0-0-0
65808|data|DCD 4; Alignment|4-0-0-0
65812|data|DCD 0x6474E551; Type: STACK|81-229-116-100
65816|data|DCD 0; File offset|0-0-0-0
65820|data|DCD 0; Virtual address|0-0-0-0
65824|data|DCD 0; Physical address|0-0-0-0
65828|data|DCD 0; Size in file image|0-0-0-0
65832|data|DCD 0; Size in memory image|0-0-0-0
65836|data|DCD 6; Flags|6-0-0-0
65840|data|DCD 0x10; Alignment|16-0-0-0
65844|data|DCD 0x6474E552; Type: RO-AFTER|82-229-116-100
65848|data|DCD 0x4EEC; File offset|236-78-0-0
65852|data|DCD off_24EEC; Virtual address|236-78-2-0
65856|data|DCD 0x24EEC; Physical address|236-78-2-0
65860|data|DCD 0x114; Size in file image|20-1-0-0
65864|data|DCD 0x114; Size in memory image|20-1-0-0
65868|data|DCD 4; Flags|4-0-0-0
65872|data|DCD 1; Alignment|1-0-0-0
65876|data|DCB "/lib/ld-linux-armhf.so.3",0|47-108-105-98-47-108-100-45-108-105-110-117-120-45-97-114-109-104-102-46-115-111-46-51-0
65901|data|DCB 0, 0, 0|0-0-0
65904|data|DCD 4; Name Size|4-0-0-0
65908|data|DCD 0x10; Desc Size|16-0-0-0
65912|data|DCD 1; Type: NT_GNU_ABI_TAG|1-0-0-0
65916|data|DCB "GNU",0; Name|71-78-85-0
65920|data|DCD 0, 2, 6, 0x20; ABI: Linux 2.6.32|0-0-0-0-2-0-0-0-6-0-0-0-32-0-0-0
65936|data|DCD 4; Name Size|4-0-0-0
65940|data|DCD 0x14; Desc Size|20-0-0-0
65944|data|DCD 3; Type: NT_GNU_BUILD_ID|3-0-0-0
65948|data|DCB "GNU",0; Name|71-78-85-0
65952|data|DCB 0xE5, 0x7E, 0x7B, 0xC8, 0x1B, 0x72, 0x64, 0xFD, 0x67; Desc|229-126-123-200-27-114-100-253-103-38-206-118-78-20-159-21-200-53-192-60
65972|data|DCD 0x43|67-0-0-0
65976|data|DCD 5|5-0-0-0
65980|data|DCD 0x10|16-0-0-0
65984|data|DCD 9|9-0-0-0
65988|data|DCD 0xE61D80, 0x971B6087, 0x59C62809, 0xA441582, 0xC30A0080|128-29-230-0-135-96-27-151-9-40-198-89-130-21-68-10-128-0-10-195-0-96-128-144-128-0-0-0-0-8-72-128-19-11-134-36-16-65-64-36-12-0-128-1-32-32-197-39-0-16-1-100-73-129-2-13-0-82-4-145-0-6-66-0
66052|data|DCD 5, 0, 0, 6, 7, 8, 9, 0xA, 0xC, 0xE, 0xF, 0x11, 0x12|5-0-0-0-0-0-0-0-0-0-0-0-6-0-0-0-7-0-0-0-8-0-0-0-9-0-0-0-10-0-0-0-12-0-0-0-14-0-0-0-15-0-0-0-17-0-0-0-18-0-0-0-0-0-0-0-19-0-0-0-21-0-0-0-0-0-0-0-23-0-0-0-24-0-0-0-25-0-0-0-27-0-0-0-28-0-0-0-31-0-0-0-35-0-0-0-36-0-0-0-37-0-0-0-38-0-0-0-40-0-0-0-41-0-0-0-43-0-0-0-47-0-0-0-0-0-0-0-0-0-0-0-0-0-0-0-0-0-0-0-48-0-0-0-0-0-0-0-49-0-0-0-0-0-0-0-50-0-0-0-51-0-0-0-52-0-0-0-0-0-0-0-53-0-0-0-56-0-0-0-57-0-0-0-0-0-0-0-58-0-0-0-59-0-0-0-61-0-0-0-62-0-0-0-0-0-0-0-0-0-0-0-63-0-0-0-64-0-0-0-65-0-0-0-66-0-0-0-0-0-0-0-68-0-0-0-69-0-0-0-71-0-0-0-0-0-0-0-0-0-0-0-0-0-0-0-0-0-0-0-72-0-0-0-0-0-0-0
66320|data|DCD 0x695AD105, 0xC585736D, 0xFEDDAAF, 0xA8C7229F, 0xF11ED7D|5-209-90-105-109-115-133-197-175-218-237-15-159-34-199-168-125-237-17-15-56-242-139-28-187-81-95-51-122-178-212-237-205-63-12-175-45-50-64-253-60-173-57-13-41-29-140-28-7-164-135-255-1-35-249-164-242-22-230-245-87-172-176-117-46-78-61-246-23-234-90-241-87-70-37-220-161-159-169-15-50-196-247-18-115-111-27-26-235-211-239-14-104-228-117-15-32-98-100-7-145-117-130-13-94-150-147-28-134-240-150-124-120-139-135-255-89-239-151-121-211-221-55-199-9-172-249-143-11-226-235-180-10-24-89-73-185-141-241-14-33-116-176-2-254-236-132-20-17-123-156-124-190-218-87-27-106-78-194-186-10-101-12-175-135-254-169-99-141-253-91-211-59-32-44-181-81-238-17-227-163-141-85-147-119-84-60-148-109-53-145-205-198-14-224-61-156-187-147-28-93-240-108-15-97-152-239-18-63-126-150-124-37-117-130-13-146-178-164-14-91-154-59-15-57-64-12-175-67-69-213-236-57-232-68-16-9-245-183-49-201-57-64-31-246-35-206-32-187-227-146-124-113-177-154-124-48-184-130-13-189-238-144-202-1-175-52-232-74-34-125-255-216-113-88-28-83-128-136-131
66600|data|Elf32_Sym <0>|0-0-0-0-0-0-0-0-0-0-0-0-0-0-0-0
66616|data|Elf32_Sym <aItmDeregistert - byte_108D8, 0, 0, 0x20, 0, 0>; "_ITM_deregisterTMCloneTable"|16-0-0-0-0-0-0-0-0-0-0-0-32-0-0-0
66632|data|Elf32_Sym <aGmonStart - byte_108D8, 0, 0, 0x20, 0, 0>; "__gmon_start__"|52-0-0-0-0-0-0-0-0-0-0-0-32-0-0-0
66648|data|Elf32_Sym <aJvRegisterclas - byte_108D8, 0, 0, 0x20, 0, 0>; "_Jv_RegisterClasses"|67-0-0-0-0-0-0-0-0-0-0-0-32-0-0-0
66664|data|Elf32_Sym <aItmRegistertmc - byte_108D8, 0, 0, 0x20, 0, 0>; "_ITM_registerTMCloneTable"|87-0-0-0-0-0-0-0-0-0-0-0-32-0-0-0
66680|data|Elf32_Sym <aFstatfs64+1 - byte_108D8, 0, 0, 0x12, 0, 0>; "statfs64"|5-2-0-0-0-0-0-0-0-0-0-0-18-0-0-0
66696|data|Elf32_Sym <aLxstat64 - byte_108D8, 0, 0, 0x12, 0, 0>; "__lxstat64"|249-1-0-0-0-0-0-0-0-0-0-0-18-0-0-0
66712|data|Elf32_Sym <aNftw64 - byte_108D8, 0, 0, 0x12, 0, 0>; "nftw64"|205-1-0-0-0-0-0-0-0-0-0-0-18-0-0-0
66728|data|Elf32_Sym <aSprintfChk - byte_108D8, 0, 0, 0x12, 0, 0>; "__sprintf_chk"|110-2-0-0-0-0-0-0-0-0-0-0-18-0-0-0
66744|data|Elf32_Sym <aAbort - byte_108D8, 0, 0, 0x12, 0, 0>; "abort"|77-1-0-0-0-0-0-0-0-0-0-0-18-0-0-0
66760|data|Elf32_Sym <aStderr - byte_108D8, stderr, 4, 0x11, 0, 0x18>; "stderr"|24-2-0-0-16-81-2-0-4-0-0-0-17-0-24-0
66776|data|Elf32_Sym <aUnixIoManager - byte_108D8, unix_io_manager, 4, 0x11, 0, \; "unix_io_manager"|119-0-0-0-24-81-2-0-4-0-0-0-17-0-24-0
66792|data|Elf32_Sym <aGetmntent - byte_108D8, 0, 0, 0x12, 0, 0>; "getmntent"|212-1-0-0-0-0-0-0-0-0-0-0-18-0-0-0
66808|data|Elf32_Sym <aStrncmp - byte_108D8, 0, 0, 0x12, 0, 0>; "strncmp"|236-0-0-0-0-0-0-0-0-0-0-0-18-0-0-0
66824|data|Elf32_Sym <aFflush - byte_108D8, 0, 0, 0x12, 0, 0>; "fflush"|211-0-0-0-0-0-0-0-0-0-0-0-18-0-0-0
66840|data|Elf32_Sym <aMalloc - byte_108D8, 0, 0, 0x12, 0, 0>; "malloc"|222-1-0-0-0-0-0-0-0-0-0-0-18-0-0-0
66856|data|Elf32_Sym <aStdout - byte_108D8, stdout, 4, 0x11, 0, 0x18>; "stdout"|183-1-0-0-20-81-2-0-4-0-0-0-17-0-24-0
66872|data|Elf32_Sym <aGetuid - byte_108D8, 0, 0, 0x12, 0, 0>; "getuid"|44-2-0-0-0-0-0-0-0-0-0-0-18-0-0-0
66888|data|Elf32_Sym <aErrnoLocation - byte_108D8, 0, 0, 0x12, 0, 0>; "__errno_location"|119-1-0-0-0-0-0-0-0-0-0-0-18-0-0-0
66904|data|Elf32_Sym <aCalloc - byte_108D8, 0, 0, 0x12, 0, 0>; "calloc"|98-1-0-0-0-0-0-0-0-0-0-0-18-0-0-0
66920|data|Elf32_Sym <aExt2fsCloseFre - byte_108D8, 0, 0, 0x12, 0, 0>; "ext2fs_close_free"|135-0-0-0-0-0-0-0-0-0-0-0-18-0-0-0
66936|data|Elf32_Sym <aLibcStartMain - byte_108D8, 0, 0, 0x12, 0, 0>; "__libc_start_main"|147-2-0-0-0-0-0-0-0-0-0-0-18-0-0-0
66952|data|Elf32_Sym <aAccess - byte_108D8, 0, 0, 0x12, 0, 0>; "access"|124-2-0-0-0-0-0-0-0-0-0-0-18-0-0-0
66968|data|Elf32_Sym <aStrncatChk - byte_108D8, 0, 0, 0x12, 0, 0>; "__strncat_chk"|51-2-0-0-0-0-0-0-0-0-0-0-18-0-0-0
66984|data|Elf32_Sym <aIoctl - byte_108D8, 0, 0, 0x12, 0, 0>; "ioctl"|31-2-0-0-0-0-0-0-0-0-0-0-18-0-0-0
67000|data|Elf32_Sym <aOptind - byte_108D8, optind, 4, 0x11, 0, 0x18>; "optind"|244-0-0-0-8-81-2-0-4-0-0-0-17-0-24-0
67016|data|Elf32_Sym <aExt2fsOpen - byte_108D8, 0, 0, 0x12, 0, 0>; "ext2fs_open"|153-0-0-0-0-0-0-0-0-0-0-0-18-0-0-0
67032|data|Elf32_Sym <aFini - byte_108D8, .term_proc, 0, 0x12, 0, 0xE>; "_fini"|165-0-0-0-64-62-1-0-0-0-0-0-18-0-14-0
67048|data|Elf32_Sym <aFsync - byte_108D8, 0, 0, 0x12, 0, 0>; "fsync"|71-1-0-0-0-0-0-0-0-0-0-0-18-0-0-0
67064|data|Elf32_Sym <aStackChkGuard - byte_108D8, __stack_chk_guard, 4, 0x11, 0,\; "__stack_chk_guard"|209-2-0-0-0-81-2-0-4-0-0-0-17-0-24-0
67080|data|Elf32_Sym <aMemcpy - byte_108D8, 0, 0, 0x12, 0, 0>; "memcpy"|198-1-0-0-0-0-0-0-0-0-0-0-18-0-0-0
67096|data|Elf32_Sym <aStrcmp - byte_108D8, 0, 0, 0x12, 0, 0>; "strcmp"|131-2-0-0-0-0-0-0-0-0-0-0-18-0-0-0
67112|data|Elf32_Sym <aExt2fsCloseFre+0xD - byte_108D8, 0, 0, 0x12, 0, 0>; "free"|148-0-0-0-0-0-0-0-0-0-0-0-18-0-0-0
67128|data|Elf32_Sym <aGetopt - byte_108D8, 0, 0, 0x12, 0, 0>; "getopt"|150-1-0-0-0-0-0-0-0-0-0-0-18-0-0-0
67144|data|Elf32_Sym <aEnd - byte_108D8, _end, 0, 0x10, 0, 0x18>; "__end__"|16-3-0-0-224-177-2-0-0-0-0-0-16-0-24-0
67160|data|Elf32_Sym <aMincore - byte_108D8, 0, 0, 0x12, 0, 0>; "mincore"|65-2-0-0-0-0-0-0-0-0-0-0-18-0-0-0
67176|data|Elf32_Sym <aStrerror - byte_108D8, 0, 0, 0x12, 0, 0>; "strerror"|138-2-0-0-0-0-0-0-0-0-0-0-18-0-0-0
67192|data|Elf32_Sym <aPrintfChk - byte_108D8, 0, 0, 0x12, 0, 0>; "__printf_chk"|218-0-0-0-0-0-0-0-0-0-0-0-18-0-0-0
67208|data|Elf32_Sym <aFstatfs64 - byte_108D8, 0, 0, 0x12, 0, 0>; "fstatfs64"|4-2-0-0-0-0-0-0-0-0-0-0-18-0-0-0
67224|data|Elf32_Sym <aInit - byte_108D8, .init_proc, 0, 0x12, 0, 0xB>; "_init"|113-0-0-0-4-15-1-0-0-0-0-0-18-0-11-0
67240|data|Elf32_Sym <aXstat64 - byte_108D8, 0, 0, 0x12, 0, 0>; "__xstat64"|14-2-0-0-0-0-0-0-0-0-0-0-18-0-0-0
67256|data|Elf32_Sym <aPerror - byte_108D8, 0, 0, 0x12, 0, 0>; "perror"|251-0-0-0-0-0-0-0-0-0-0-0-18-0-0-0
67272|data|Elf32_Sym <aPuts - byte_108D8, 0, 0, 0x12, 0, 0>; "puts"|26-1-0-0-0-0-0-0-0-0-0-0-18-0-0-0
67288|data|Elf32_Sym <aBssEnd - byte_108D8, _end, 0, 0x10, 0, 0x18>; "__bss_end__"|4-3-0-0-224-177-2-0-0-0-0-0-16-0-24-0
67304|data|Elf32_Sym <aSysconf - byte_108D8, 0, 0, 0x12, 0, 0>; "sysconf"|181-2-0-0-0-0-0-0-0-0-0-0-18-0-0-0
67320|data|Elf32_Sym <aStrnlen - byte_108D8, 0, 0, 0x12, 0, 0>; "strnlen"|190-1-0-0-0-0-0-0-0-0-0-0-18-0-0-0
67336|data|Elf32_Sym <aSetmntent - byte_108D8, 0, 0, 0x12, 0, 0>; "setmntent"|83-1-0-0-0-0-0-0-0-0-0-0-18-0-0-0
67352|data|Elf32_Sym <aComErr - byte_108D8, 0, 0, 0x12, 0, 0>; "com_err"|44-0-0-0-0-0-0-0-0-0-0-0-18-0-0-0
67368|data|Elf32_Sym <aFallocate64 - byte_108D8, 0, 0, 0x12, 0, 0>; "fallocate64"|171-1-0-0-0-0-0-0-0-0-0-0-18-0-0-0
67384|data|Elf32_Sym <aFprintfChk - byte_108D8, 0, 0, 0x12, 0, 0>; "__fprintf_chk"|157-1-0-0-0-0-0-0-0-0-0-0-18-0-0-0
67400|data|Elf32_Sym <aPosixFadvise64 - byte_108D8, 0, 0, 0x12, 0, 0>; "posix_fadvise64"|165-2-0-0-0-0-0-0-0-0-0-0-18-0-0-0
67416|data|Elf32_Sym <aBssStart_0 - byte_108D8, __bss_start, 0, 0x10, 0, 0x18>; "__bss_start__"|246-2-0-0-252-80-2-0-0-0-0-0-16-0-24-0
67432|data|Elf32_Sym <aSyncFileRange - byte_108D8, 0, 0, 0x12, 0, 0>; "sync_file_range"|2-1-0-0-0-0-0-0-0-0-0-0-18-0-0-0
67448|data|Elf32_Sym <aRealloc - byte_108D8, 0, 0, 0x12, 0, 0>; "realloc"|63-1-0-0-0-0-0-0-0-0-0-0-18-0-0-0
67464|data|Elf32_Sym <aStrlen - byte_108D8, 0, 0, 0x12, 0, 0>; "strlen"|105-1-0-0-0-0-0-0-0-0-0-0-18-0-0-0
67480|data|Elf32_Sym <aFcntl - byte_108D8, 0, 0, 0x12, 0, 0>; "fcntl"|104-2-0-0-0-0-0-0-0-0-0-0-18-0-0-0
67496|data|Elf32_Sym <aOpen64 - byte_108D8, 0, 0, 0x12, 0, 0>; "open64"|136-1-0-0-0-0-0-0-0-0-0-0-18-0-0-0
67512|data|Elf32_Sym <aExit - byte_108D8, 0, 0, 0x12, 0, 0>; "exit"|231-0-0-0-0-0-0-0-0-0-0-0-18-0-0-0
67528|data|Elf32_Sym <aMemcmp - byte_108D8, 0, 0, 0x12, 0, 0>; "memcmp"|143-1-0-0-0-0-0-0-0-0-0-0-18-0-0-0
67544|data|Elf32_Sym <aMunmap - byte_108D8, 0, 0, 0x12, 0, 0>; "munmap"|37-2-0-0-0-0-0-0-0-0-0-0-18-0-0-0
67560|data|Elf32_Sym <aClose - byte_108D8, 0, 0, 0x12, 0, 0>; "close"|88-2-0-0-0-0-0-0-0-0-0-0-18-0-0-0
67576|data|Elf32_Sym <aStrncpy - byte_108D8, 0, 0, 0x12, 0, 0>; "strncpy"|18-1-0-0-0-0-0-0-0-0-0-0-18-0-0-0
67592|data|Elf32_Sym <aEdata - byte_108D8, __bss_start, 0, 0x10, 0, 0x17>; "_edata"|227-2-0-0-252-80-2-0-0-0-0-0-16-0-23-0
67608|data|Elf32_Sym <aRaise - byte_108D8, 0, 0, 0x12, 0, 0>; "raise"|229-1-0-0-0-0-0-0-0-0-0-0-18-0-0-0
67624|data|Elf32_Sym <aRealpathChk - byte_108D8, 0, 0, 0x12, 0, 0>; "__realpath_chk"|73-2-0-0-0-0-0-0-0-0-0-0-18-0-0-0
67640|data|Elf32_Sym <aStackChkFail - byte_108D8, 0, 0, 0x12, 0, 0>; "__stack_chk_fail"|31-1-0-0-0-0-0-0-0-0-0-0-18-0-0-0
67656|data|Elf32_Sym <aUnlink - byte_108D8, 0, 0, 0x12, 0, 0>; "unlink"|48-1-0-0-0-0-0-0-0-0-0-0-18-0-0-0
67672|data|Elf32_Sym <aEnd_0 - byte_108D8, _end, 0, 0x10, 0, 0x18>; "_end"|24-3-0-0-224-177-2-0-0-0-0-0-16-0-24-0
67688|data|Elf32_Sym <aMmap - byte_108D8, 0, 0, 0x12, 0, 0>; "mmap"|93-1-0-0-0-0-0-0-0-0-0-0-18-0-0-0
67704|data|Elf32_Sym <aMemset - byte_108D8, 0, 0, 0x12, 0, 0>; "memset"|112-1-0-0-0-0-0-0-0-0-0-0-18-0-0-0
67720|data|Elf32_Sym <aPutchar - byte_108D8, 0, 0, 0x12, 0, 0>; "putchar"|55-1-0-0-0-0-0-0-0-0-0-0-18-0-0-0
67736|data|Elf32_Sym <aBssEnd+1 - byte_108D8, _end, 0, 0x10, 0, 0x18>; "_bss_end__"|5-3-0-0-224-177-2-0-0-0-0-0-16-0-24-0
67752|data|Elf32_Sym <aStrncpyChk - byte_108D8, 0, 0, 0x12, 0, 0>; "__strncpy_chk"|235-1-0-0-0-0-0-0-0-0-0-0-18-0-0-0
67768|data|Elf32_Sym <aBssStart - byte_108D8, __bss_start, 0, 0x10, 0, 0x18>; "__bss_start"|234-2-0-0-252-80-2-0-0-0-0-0-16-0-24-0
67784|data|Elf32_Sym <aEndmntent - byte_108D8, 0, 0, 0x12, 0, 0>; "endmntent"|94-2-0-0-0-0-0-0-0-0-0-0-18-0-0-0
67800|data|DCB 0|0
67801|data|DCB "libext2fs.so.2",0|108-105-98-101-120-116-50-102-115-46-115-111-46-50-0
67816|data|DCB "_ITM_deregisterTMCloneTable",0|95-73-84-77-95-100-101-114-101-103-105-115-116-101-114-84-77-67-108-111-110-101-84-97-98-108-101-0
67844|data|DCB "com_err",0|99-111-109-95-101-114-114-0
67852|data|DCB "__gmon_start__",0|95-95-103-109-111-110-95-115-116-97-114-116-95-95-0
67867|data|DCB "_Jv_RegisterClasses",0|95-74-118-95-82-101-103-105-115-116-101-114-67-108-97-115-115-101-115-0
67887|data|DCB "_ITM_registerTMCloneTable",0|95-73-84-77-95-114-101-103-105-115-116-101-114-84-77-67-108-111-110-101-84-97-98-108-101-0
67913|data|DCB "_init",0|95-105-110-105-116-0
67919|data|DCB "unix_io_manager",0|117-110-105-120-95-105-111-95-109-97-110-97-103-101-114-0
67935|data|DCB "ext2fs_close_free",0|101-120-116-50-102-115-95-99-108-111-115-101-95-102-114-101-101-0
67953|data|DCB "ext2fs_open",0|101-120-116-50-102-115-95-111-112-101-110-0
67965|data|DCB "_fini",0|95-102-105-110-105-0
67971|data|DCB "libcom_err.so.2",0|108-105-98-99-111-109-95-101-114-114-46-115-111-46-50-0
67987|data|DCB "libblkid.so.1",0|108-105-98-98-108-107-105-100-46-115-111-46-49-0
68001|data|DCB "libc.so.6",0|108-105-98-99-46-115-111-46-54-0
68011|data|DCB "fflush",0|102-102-108-117-115-104-0
68018|data|DCB "__printf_chk",0|95-95-112-114-105-110-116-102-95-99-104-107-0
68031|data|DCB "exit",0|101-120-105-116-0
68036|data|DCB "strncmp",0|115-116-114-110-99-109-112-0
68044|data|DCB "optind",0|111-112-116-105-110-100-0
68051|data|DCB "perror",0|112-101-114-114-111-114-0
68058|data|DCB "sync_file_range",0|115-121-110-99-95-102-105-108-101-95-114-97-110-103-101-0
68074|data|DCB "strncpy",0|115-116-114-110-99-112-121-0
68082|data|DCB "puts",0|112-117-116-115-0
68087|data|DCB "__stack_chk_fail",0|95-95-115-116-97-99-107-95-99-104-107-95-102-97-105-108-0
68104|data|DCB "unlink",0|117-110-108-105-110-107-0
68111|data|DCB "putchar",0|112-117-116-99-104-97-114-0
68119|data|DCB "realloc",0|114-101-97-108-108-111-99-0
68127|data|DCB "fsync",0|102-115-121-110-99-0
68133|data|DCB "abort",0|97-98-111-114-116-0
68139|data|DCB "setmntent",0|115-101-116-109-110-116-101-110-116-0
68149|data|DCB "mmap",0|109-109-97-112-0
68154|data|DCB "calloc",0|99-97-108-108-111-99-0
68161|data|DCB "strlen",0|115-116-114-108-101-110-0
68168|data|DCB "memset",0|109-101-109-115-101-116-0
68175|data|DCB "__errno_location",0|95-95-101-114-114-110-111-95-108-111-99-97-116-105-111-110-0
68192|data|DCB "open64",0|111-112-101-110-54-52-0
68199|data|DCB "memcmp",0|109-101-109-99-109-112-0
68206|data|DCB "getopt",0|103-101-116-111-112-116-0
68213|data|DCB "__fprintf_chk",0|95-95-102-112-114-105-110-116-102-95-99-104-107-0
68227|data|DCB "fallocate64",0|102-97-108-108-111-99-97-116-101-54-52-0
68239|data|DCB "stdout",0|115-116-100-111-117-116-0
68246|data|DCB "strnlen",0|115-116-114-110-108-101-110-0
68254|data|DCB "memcpy",0|109-101-109-99-112-121-0
68261|data|DCB "nftw64",0|110-102-116-119-54-52-0
68268|data|DCB "getmntent",0|103-101-116-109-110-116-101-110-116-0
68278|data|DCB "malloc",0|109-97-108-108-111-99-0
68285|data|DCB "raise",0|114-97-105-115-101-0
68291|data|DCB "__strncpy_chk",0|95-95-115-116-114-110-99-112-121-95-99-104-107-0
68305|data|DCB "__lxstat64",0|95-95-108-120-115-116-97-116-54-52-0
68316|data|DCB "fstatfs64",0|102-115-116-97-116-102-115-54-52-0
68326|data|DCB "__xstat64",0|95-95-120-115-116-97-116-54-52-0
68336|data|DCB "stderr",0|115-116-100-101-114-114-0
68343|data|DCB "ioctl",0|105-111-99-116-108-0
68349|data|DCB "munmap",0|109-117-110-109-97-112-0
68356|data|DCB "getuid",0|103-101-116-117-105-100-0
68363|data|DCB "__strncat_chk",0|95-95-115-116-114-110-99-97-116-95-99-104-107-0
68377|data|DCB "mincore",0|109-105-110-99-111-114-101-0
68385|data|DCB "__realpath_chk",0|95-95-114-101-97-108-112-97-116-104-95-99-104-107-0
68400|data|DCB "close",0|99-108-111-115-101-0
68406|data|DCB "endmntent",0|101-110-100-109-110-116-101-110-116-0
68416|data|DCB "fcntl",0|102-99-110-116-108-0
68422|data|DCB "__sprintf_chk",0|95-95-115-112-114-105-110-116-102-95-99-104-107-0
68436|data|DCB "access",0|97-99-99-101-115-115-0
68443|data|DCB "strcmp",0|115-116-114-99-109-112-0
68450|data|DCB "strerror",0|115-116-114-101-114-114-111-114-0
68459|data|DCB "__libc_start_main",0|95-95-108-105-98-99-95-115-116-97-114-116-95-109-97-105-110-0
68477|data|DCB "posix_fadvise64",0|112-111-115-105-120-95-102-97-100-118-105-115-101-54-52-0
68493|data|DCB "sysconf",0|115-121-115-99-111-110-102-0
68501|data|DCB "ld-linux-armhf.so.3",0|108-100-45-108-105-110-117-120-45-97-114-109-104-102-46-115-111-46-51-0
68521|data|DCB "__stack_chk_guard",0|95-95-115-116-97-99-107-95-99-104-107-95-103-117-97-114-100-0
68539|data|DCB "_edata",0|95-101-100-97-116-97-0
68546|data|DCB "__bss_start",0|95-95-98-115-115-95-115-116-97-114-116-0
68558|data|DCB "__bss_start__",0|95-95-98-115-115-95-115-116-97-114-116-95-95-0
68572|data|DCB "__bss_end__",0|95-95-98-115-115-95-101-110-100-95-95-0
68584|data|DCB "__end__",0|95-95-101-110-100-95-95-0
68592|data|DCB "_end",0|95-101-110-100-0
68597|data|DCB "GLIBC_2.4",0|71-76-73-66-67-95-50-46-52-0
68607|data|DCB "GLIBC_2.11",0|71-76-73-66-67-95-50-46-49-49-0
68618|data|DCB "GLIBC_2.6",0|71-76-73-66-67-95-50-46-54-0
68628|data|DCW 0|0-0
68630|data|DCW 0; local  symbol: _ITM_deregisterTMCloneTable|0-0
68632|data|DCW 0; local  symbol: __gmon_start__|0-0
68634|data|DCW 0; local  symbol: _Jv_RegisterClasses|0-0
68636|data|DCW 0; local  symbol: _ITM_registerTMCloneTable|0-0
68638|data|DCW 2; statfs64@@GLIBC_2.4|2-0
68640|data|DCW 2; __lxstat64@@GLIBC_2.4|2-0
68642|data|DCW 2; nftw64@@GLIBC_2.4|2-0
68644|data|DCW 2; __sprintf_chk@@GLIBC_2.4|2-0
68646|data|DCW 2; abort@@GLIBC_2.4|2-0
68648|data|DCW 2; stderr@@GLIBC_2.4|2-0
68650|data|DCW 0; local  symbol: unix_io_manager|0-0
68652|data|DCW 2; getmntent@@GLIBC_2.4|2-0
68654|data|DCW 2; strncmp@@GLIBC_2.4|2-0
68656|data|DCW 2; fflush@@GLIBC_2.4|2-0
68658|data|DCW 2; malloc@@GLIBC_2.4|2-0
68660|data|DCW 2; stdout@@GLIBC_2.4|2-0
68662|data|DCW 2; getuid@@GLIBC_2.4|2-0
68664|data|DCW 2; __errno_location@@GLIBC_2.4|2-0
68666|data|DCW 2; calloc@@GLIBC_2.4|2-0
68668|data|DCW 0; local  symbol: ext2fs_close_free|0-0
68670|data|DCW 2; __libc_start_main@@GLIBC_2.4|2-0
68672|data|DCW 2; access@@GLIBC_2.4|2-0
68674|data|DCW 2; __strncat_chk@@GLIBC_2.4|2-0
68676|data|DCW 2; ioctl@@GLIBC_2.4|2-0
68678|data|DCW 2; optind@@GLIBC_2.4|2-0
68680|data|DCW 0; local  symbol: ext2fs_open|0-0
68682|data|DCW 1; global symbol: _fini|1-0
68684|data|DCW 2; fsync@@GLIBC_2.4|2-0
68686|data|DCW 3; __stack_chk_guard@@GLIBC_2.4|3-0
68688|data|DCW 2; memcpy@@GLIBC_2.4|2-0
68690|data|DCW 2; strcmp@@GLIBC_2.4|2-0
68692|data|DCW 2; free@@GLIBC_2.4|2-0
68694|data|DCW 2; getopt@@GLIBC_2.4|2-0
68696|data|DCW 1; global symbol: __end__|1-0
68698|data|DCW 2; mincore@@GLIBC_2.4|2-0
68700|data|DCW 2; strerror@@GLIBC_2.4|2-0
68702|data|DCW 2; __printf_chk@@GLIBC_2.4|2-0
68704|data|DCW 2; fstatfs64@@GLIBC_2.4|2-0
68706|data|DCW 1; global symbol: _init|1-0
68708|data|DCW 2; __xstat64@@GLIBC_2.4|2-0
68710|data|DCW 2; perror@@GLIBC_2.4|2-0
68712|data|DCW 2; puts@@GLIBC_2.4|2-0
68714|data|DCW 1; global symbol: __bss_end__|1-0
68716|data|DCW 2; sysconf@@GLIBC_2.4|2-0
68718|data|DCW 2; strnlen@@GLIBC_2.4|2-0
68720|data|DCW 2; setmntent@@GLIBC_2.4|2-0
68722|data|DCW 0; local  symbol: com_err|0-0
68724|data|DCW 5; fallocate64@@GLIBC_2.11|5-0
68726|data|DCW 2; __fprintf_chk@@GLIBC_2.4|2-0
68728|data|DCW 2; posix_fadvise64@@GLIBC_2.4|2-0
68730|data|DCW 1; global symbol: __bss_start__|1-0
68732|data|DCW 4; sync_file_range@@GLIBC_2.6|4-0
68734|data|DCW 2; realloc@@GLIBC_2.4|2-0
68736|data|DCW 2; strlen@@GLIBC_2.4|2-0
68738|data|DCW 2; fcntl@@GLIBC_2.4|2-0
68740|data|DCW 2; open64@@GLIBC_2.4|2-0
68742|data|DCW 2; exit@@GLIBC_2.4|2-0
68744|data|DCW 2; memcmp@@GLIBC_2.4|2-0
68746|data|DCW 2; munmap@@GLIBC_2.4|2-0
68748|data|DCW 2; close@@GLIBC_2.4|2-0
68750|data|DCW 2; strncpy@@GLIBC_2.4|2-0
68752|data|DCW 1; global symbol: _edata|1-0
68754|data|DCW 2; raise@@GLIBC_2.4|2-0
68756|data|DCW 2; __realpath_chk@@GLIBC_2.4|2-0
68758|data|DCW 2; __stack_chk_fail@@GLIBC_2.4|2-0
68760|data|DCW 2; unlink@@GLIBC_2.4|2-0
68762|data|DCW 1; global symbol: _end|1-0
68764|data|DCW 2; mmap@@GLIBC_2.4|2-0
68766|data|DCW 2; memset@@GLIBC_2.4|2-0
68768|data|DCW 2; putchar@@GLIBC_2.4|2-0
68770|data|DCW 1; global symbol: _bss_end__|1-0
68772|data|DCW 2; __strncpy_chk@@GLIBC_2.4|2-0
68774|data|DCW 1; global symbol: __bss_start|1-0
68776|data|DCW 2; endmntent@@GLIBC_2.4|2-0
68778|data|DCW 0|0-0
68780|data|Elf32_Verneed <1, 1, aLdLinuxArmhfSo - byte_108D8, 0x10, 0x20>; "ld-linux-armhf.so.3"|1-0-1-0-189-2-0-0-16-0-0-0-32-0-0-0
68796|data|Elf32_Vernaux <0xD696914, 0, 3, aGlibc24 - byte_108D8, 0>; "GLIBC_2.4"|20-105-105-13-0-0-3-0-29-3-0-0-0-0-0-0
68812|data|Elf32_Verneed <1, 3, aLibcSo6 - byte_108D8, 0x10, 0>; "libc.so.6"|1-0-3-0-201-0-0-0-16-0-0-0-0-0-0-0
68828|data|Elf32_Vernaux <0x6969191, 0, 5, aGlibc211 - byte_108D8, 0x10>; "GLIBC_2.11"|145-145-150-6-0-0-5-0-39-3-0-0-16-0-0-0
68844|data|Elf32_Vernaux <0xD696916, 0, 4, aGlibc26 - byte_108D8, 0x10>; "GLIBC_2.6"|22-105-105-13-0-0-4-0-50-3-0-0-16-0-0-0
68860|data|Elf32_Vernaux <0xD696914, 0, 2, aGlibc24 - byte_108D8, 0>; "GLIBC_2.4"|20-105-105-13-0-0-2-0-29-3-0-0-0-0-0-0
68876|data|Elf32_Rel <0x250F0, 0x215>; R_ARM_GLOB_DAT __gmon_start__|240-80-2-0-21-2-0-0
68884|data|Elf32_Rel <0x25100, 0x1D14>; R_ARM_COPY __stack_chk_guard|0-81-2-0-20-29-0-0
68892|data|Elf32_Rel <0x25108, 0x1914>; R_ARM_COPY optind|8-81-2-0-20-25-0-0
68900|data|Elf32_Rel <0x25110, 0xA14>; R_ARM_COPY stderr|16-81-2-0-20-10-0-0
68908|data|Elf32_Rel <0x25114, 0x1014>; R_ARM_COPY stdout|20-81-2-0-20-16-0-0
68916|data|Elf32_Rel <0x25118, 0xB14>; R_ARM_COPY unix_io_manager|24-81-2-0-20-11-0-0
68924|data|Elf32_Rel <0x2500C, 0x2616>; R_ARM_JUMP_SLOT fstatfs64|12-80-2-0-22-38-0-0
68932|data|Elf32_Rel <0x25010, 0x1316>; R_ARM_JUMP_SLOT calloc|16-80-2-0-22-19-0-0
68940|data|Elf32_Rel <0x25014, 0x3F16>; R_ARM_JUMP_SLOT raise|20-80-2-0-22-63-0-0
68948|data|Elf32_Rel <0x25018, 0x1716>; R_ARM_JUMP_SLOT __strncat_chk|24-80-2-0-22-23-0-0
68956|data|Elf32_Rel <0x2501C, 0x1C16>; R_ARM_JUMP_SLOT fsync|28-80-2-0-22-28-0-0
68964|data|Elf32_Rel <0x25020, 0x1F16>; R_ARM_JUMP_SLOT strcmp|32-80-2-0-22-31-0-0
68972|data|Elf32_Rel <0x25024, 0x3216>; R_ARM_JUMP_SLOT posix_fadvise64|36-80-2-0-22-50-0-0
68980|data|Elf32_Rel <0x25028, 0xE16>; R_ARM_JUMP_SLOT fflush|40-80-2-0-22-14-0-0
68988|data|Elf32_Rel <0x2502C, 0x1116>; R_ARM_JUMP_SLOT getuid|44-80-2-0-22-17-0-0
68996|data|Elf32_Rel <0x25030, 0x716>; R_ARM_JUMP_SLOT nftw64|48-80-2-0-22-7-0-0
69004|data|Elf32_Rel <0x25034, 0x2016>; R_ARM_JUMP_SLOT free|52-80-2-0-22-32-0-0
69012|data|Elf32_Rel <0x25038, 0x1E16>; R_ARM_JUMP_SLOT memcpy|56-80-2-0-22-30-0-0
69020|data|Elf32_Rel <0x2503C, 0x3A16>; R_ARM_JUMP_SLOT memcmp|60-80-2-0-22-58-0-0
69028|data|Elf32_Rel <0x25040, 0x1A16>; R_ARM_JUMP_SLOT ext2fs_open|64-80-2-0-22-26-0-0
69036|data|Elf32_Rel <0x25044, 0x4816>; R_ARM_JUMP_SLOT __strncpy_chk|68-80-2-0-22-72-0-0
69044|data|Elf32_Rel <0x25048, 0x4116>; R_ARM_JUMP_SLOT __stack_chk_fail|72-80-2-0-22-65-0-0
69052|data|Elf32_Rel <0x2504C, 0x2C16>; R_ARM_JUMP_SLOT sysconf|76-80-2-0-22-44-0-0
69060|data|Elf32_Rel <0x25050, 0x4216>; R_ARM_JUMP_SLOT unlink|80-80-2-0-22-66-0-0
69068|data|Elf32_Rel <0x25054, 0x3516>; R_ARM_JUMP_SLOT realloc|84-80-2-0-22-53-0-0
69076|data|Elf32_Rel <0x25058, 0x3416>; R_ARM_JUMP_SLOT sync_file_range|88-80-2-0-22-52-0-0
69084|data|Elf32_Rel <0x2505C, 0x2F16>; R_ARM_JUMP_SLOT com_err|92-80-2-0-22-47-0-0
69092|data|Elf32_Rel <0x25060, 0x2916>; R_ARM_JUMP_SLOT perror|96-80-2-0-22-41-0-0
69100|data|Elf32_Rel <0x25064, 0x1816>; R_ARM_JUMP_SLOT ioctl|100-80-2-0-22-24-0-0
69108|data|Elf32_Rel <0x25068, 0x4016>; R_ARM_JUMP_SLOT __realpath_chk|104-80-2-0-22-64-0-0
69116|data|Elf32_Rel <0x2506C, 0xC16>; R_ARM_JUMP_SLOT getmntent|108-80-2-0-22-12-0-0
69124|data|Elf32_Rel <0x25070, 0x3816>; R_ARM_JUMP_SLOT open64|112-80-2-0-22-56-0-0
69132|data|Elf32_Rel <0x25074, 0x2A16>; R_ARM_JUMP_SLOT puts|116-80-2-0-22-42-0-0
69140|data|Elf32_Rel <0x25078, 0xF16>; R_ARM_JUMP_SLOT malloc|120-80-2-0-22-15-0-0
69148|data|Elf32_Rel <0x2507C, 0x1516>; R_ARM_JUMP_SLOT __libc_start_main|124-80-2-0-22-21-0-0
69156|data|Elf32_Rel <0x25080, 0x2416>; R_ARM_JUMP_SLOT strerror|128-80-2-0-22-36-0-0
69164|data|Elf32_Rel <0x25084, 0x216>; R_ARM_JUMP_SLOT __gmon_start__|132-80-2-0-22-2-0-0
69172|data|Elf32_Rel <0x25088, 0x3916>; R_ARM_JUMP_SLOT exit|136-80-2-0-22-57-0-0
69180|data|Elf32_Rel <0x2508C, 0x3616>; R_ARM_JUMP_SLOT strlen|140-80-2-0-22-54-0-0
69188|data|Elf32_Rel <0x25090, 0x4416>; R_ARM_JUMP_SLOT mmap|144-80-2-0-22-68-0-0
69196|data|Elf32_Rel <0x25094, 0x2116>; R_ARM_JUMP_SLOT getopt|148-80-2-0-22-33-0-0
69204|data|Elf32_Rel <0x25098, 0x3716>; R_ARM_JUMP_SLOT fcntl|152-80-2-0-22-55-0-0
69212|data|Elf32_Rel <0x2509C, 0x1216>; R_ARM_JUMP_SLOT __errno_location|156-80-2-0-22-18-0-0
69220|data|Elf32_Rel <0x250A0, 0x816>; R_ARM_JUMP_SLOT __sprintf_chk|160-80-2-0-22-8-0-0
69228|data|Elf32_Rel <0x250A4, 0x4516>; R_ARM_JUMP_SLOT memset|164-80-2-0-22-69-0-0
69236|data|Elf32_Rel <0x250A8, 0x4616>; R_ARM_JUMP_SLOT putchar|168-80-2-0-22-70-0-0
69244|data|Elf32_Rel <0x250AC, 0x3D16>; R_ARM_JUMP_SLOT strncpy|172-80-2-0-22-61-0-0
69252|data|Elf32_Rel <0x250B0, 0x2516>; R_ARM_JUMP_SLOT __printf_chk|176-80-2-0-22-37-0-0
69260|data|Elf32_Rel <0x250B4, 0x3116>; R_ARM_JUMP_SLOT __fprintf_chk|180-80-2-0-22-49-0-0
69268|data|Elf32_Rel <0x250B8, 0x1616>; R_ARM_JUMP_SLOT access|184-80-2-0-22-22-0-0
69276|data|Elf32_Rel <0x250BC, 0x2D16>; R_ARM_JUMP_SLOT strnlen|188-80-2-0-22-45-0-0
69284|data|Elf32_Rel <0x250C0, 0x1416>; R_ARM_JUMP_SLOT ext2fs_close_free|192-80-2-0-22-20-0-0
69292|data|Elf32_Rel <0x250C4, 0x4A16>; R_ARM_JUMP_SLOT endmntent|196-80-2-0-22-74-0-0
69300|data|Elf32_Rel <0x250C8, 0x3B16>; R_ARM_JUMP_SLOT munmap|200-80-2-0-22-59-0-0
69308|data|Elf32_Rel <0x250CC, 0x3016>; R_ARM_JUMP_SLOT fallocate64|204-80-2-0-22-48-0-0
69316|data|Elf32_Rel <0x250D0, 0x516>; R_ARM_JUMP_SLOT statfs64|208-80-2-0-22-5-0-0
69324|data|Elf32_Rel <0x250D4, 0x2316>; R_ARM_JUMP_SLOT mincore|212-80-2-0-22-35-0-0
69332|data|Elf32_Rel <0x250D8, 0x2E16>; R_ARM_JUMP_SLOT setmntent|216-80-2-0-22-46-0-0
69340|data|Elf32_Rel <0x250DC, 0x2816>; R_ARM_JUMP_SLOT __xstat64|220-80-2-0-22-40-0-0
69348|data|Elf32_Rel <0x250E0, 0xD16>; R_ARM_JUMP_SLOT strncmp|224-80-2-0-22-13-0-0
69356|data|Elf32_Rel <0x250E4, 0x916>; R_ARM_JUMP_SLOT abort|228-80-2-0-22-9-0-0
69364|data|Elf32_Rel <0x250E8, 0x3C16>; R_ARM_JUMP_SLOT close|232-80-2-0-22-60-0-0
69372|data|Elf32_Rel <0x250EC, 0x616>; R_ARM_JUMP_SLOT __lxstat64|236-80-2-0-22-6-0-0
69380|code|PUSH            {R3,LR}; _init|8-64-45-233
69384|code|BL              sub_11E0C|191-3-0-235
69388|code|POP             {R3,PC}|8-128-189-232
69392|code|PUSH            {LR}|4-224-45-229
69396|code|LDR             LR, =(_GLOBAL_OFFSET_TABLE_ - 0x10F20)|4-224-159-229
69400|code|ADD             LR, PC, LR; _GLOBAL_OFFSET_TABLE_|14-224-143-224
69404|code|LDR             PC, [LR,#8]!|8-240-190-229
69408|data|DCD _GLOBAL_OFFSET_TABLE_ - 0x10F20|224-64-1-0
69412|code|ADRL            R12, 0x24F2C|0-198-143-226-20-202-140-226
69420|code|LDR             PC, [R12,#(fstatfs64_ptr - 0x24F2C)]!; __imp_fstatfs64|224-240-188-229
69424|code|ADRL            R12, 0x24F38|0-198-143-226-20-202-140-226
69432|code|LDR             PC, [R12,#(calloc_ptr - 0x24F38)]!; __imp_calloc|216-240-188-229
69436|code|ADRL            R12, 0x24F44|0-198-143-226-20-202-140-226
69444|code|LDR             PC, [R12,#(raise_ptr - 0x24F44)]!; __imp_raise|208-240-188-229
69448|code|ADRL            R12, 0x24F50|0-198-143-226-20-202-140-226
69456|code|LDR             PC, [R12,#(__strncat_chk_ptr - 0x24F50)]!; __imp___strncat_chk|200-240-188-229
69460|code|ADRL            R12, 0x24F5C|0-198-143-226-20-202-140-226
69468|code|LDR             PC, [R12,#(fsync_ptr - 0x24F5C)]!; __imp_fsync|192-240-188-229
69472|code|ADRL            R12, 0x24F68|0-198-143-226-20-202-140-226
69480|code|LDR             PC, [R12,#(strcmp_ptr - 0x24F68)]!; __imp_strcmp|184-240-188-229
69484|code|ADRL            R12, 0x24F74|0-198-143-226-20-202-140-226
69492|code|LDR             PC, [R12,#(posix_fadvise64_ptr - 0x24F74)]!; __imp_posix_fadvise64|176-240-188-229
69496|code|ADRL            R12, 0x24F80|0-198-143-226-20-202-140-226
69504|code|LDR             PC, [R12,#(fflush_ptr - 0x24F80)]!; __imp_fflush|168-240-188-229
69508|code|ADRL            R12, 0x24F8C|0-198-143-226-20-202-140-226
69516|code|LDR             PC, [R12,#(getuid_ptr - 0x24F8C)]!; __imp_getuid|160-240-188-229
69520|code|ADRL            R12, 0x24F98|0-198-143-226-20-202-140-226
69528|code|LDR             PC, [R12,#(nftw64_ptr - 0x24F98)]!; __imp_nftw64|152-240-188-229
69532|code|BX              PC|120-71
69534|data|ALIGN 0x10|192-70
69536|code|ADRL            R12, 0x24FA8|0-198-143-226-20-202-140-226
69544|code|LDR             PC, [R12,#(free_ptr - 0x24FA8)]!; __imp_free|140-240-188-229
69560|code|ADRL            R12, 0x24FC0|0-198-143-226-20-202-140-226
69568|code|LDR             PC, [R12,#(memcmp_ptr - 0x24FC0)]!; __imp_memcmp|124-240-188-229
69584|code|ADRL            R12, 0x24FD8|0-198-143-226-20-202-140-226
69592|code|LDR             PC, [R12,#(__strncpy_chk_ptr - 0x24FD8)]!; __imp___strncpy_chk|108-240-188-229
69596|code|ADRL            R12, 0x24FE4|0-198-143-226-20-202-140-226
69604|code|LDR             PC, [R12,#(__stack_chk_fail_ptr - 0x24FE4)]!; __imp___stack_chk_fail|100-240-188-229
69608|code|ADRL            R12, 0x24FF0|0-198-143-226-20-202-140-226
69616|code|LDR             PC, [R12,#(sysconf_ptr - 0x24FF0)]!; __imp_sysconf|92-240-188-229
69620|code|ADRL            R12, 0x24FFC|0-198-143-226-20-202-140-226
69628|code|LDR             PC, [R12,#(unlink_ptr - 0x24FFC)]!; __imp_unlink|84-240-188-229
69644|code|ADRL            R12, 0x25014|0-198-143-226-20-202-140-226
69652|code|LDR             PC, [R12,#(sync_file_range_ptr - 0x25014)]!; __imp_sync_file_range|68-240-188-229
69668|code|ADRL            R12, 0x2502C|0-198-143-226-20-202-140-226
69676|code|LDR             PC, [R12,#(perror_ptr - 0x2502C)]!; __imp_perror|52-240-188-229
69680|code|ADRL            R12, 0x25038|0-198-143-226-20-202-140-226
69688|code|LDR             PC, [R12,#(ioctl_ptr - 0x25038)]!; __imp_ioctl|44-240-188-229
69716|code|ADRL            R12, 0x2505C|0-198-143-226-20-202-140-226
69724|code|LDR             PC, [R12,#(open64_ptr - 0x2505C)]!; __imp_open64|20-240-188-229
69728|code|ADRL            R12, 0x25068|0-198-143-226-20-202-140-226
69736|code|LDR             PC, [R12,#(puts_ptr - 0x25068)]!; __imp_puts|12-240-188-229
69740|code|ADRL            R12, 0x25074|0-198-143-226-20-202-140-226
69748|code|LDR             PC, [R12,#(malloc_ptr - 0x25074)]!; __imp_malloc|4-240-188-229
69752|code|ADR             R12, 0x11080|0-198-143-226
69756|code|ADD             R12, R12, #0x13000|19-202-140-226
69760|code|LDR             PC, [R12,#(__libc_start_main_ptr - 0x24080)]!; __imp___libc_start_main|252-255-188-229
69764|code|ADR             R12, 0x1108C|0-198-143-226
69768|code|ADD             R12, R12, #0x13000|19-202-140-226
69772|code|LDR             PC, [R12,#(strerror_ptr - 0x2408C)]!; __imp_strerror|244-255-188-229
69776|code|ADR             R12, 0x11098|0-198-143-226
69780|code|ADD             R12, R12, #0x13000|19-202-140-226
69784|code|LDR             PC, [R12,#(__gmon_start___ptr - 0x24098)]!; __imp___gmon_start__|236-255-188-229
69788|code|ADR             R12, 0x110A4|0-198-143-226
69792|code|ADD             R12, R12, #0x13000|19-202-140-226
69796|code|LDR             PC, [R12,#(exit_ptr - 0x240A4)]!; __imp_exit|228-255-188-229
69800|code|ADR             R12, 0x110B0|0-198-143-226
69804|code|ADD             R12, R12, #0x13000|19-202-140-226
69808|code|LDR             PC, [R12,#(strlen_ptr - 0x240B0)]!; __imp_strlen|220-255-188-229
69812|code|ADR             R12, 0x110BC|0-198-143-226
69816|code|ADD             R12, R12, #0x13000|19-202-140-226
69820|code|LDR             PC, [R12,#(mmap_ptr - 0x240BC)]!; __imp_mmap|212-255-188-229
69824|code|ADR             R12, 0x110C8|0-198-143-226
69828|code|ADD             R12, R12, #0x13000|19-202-140-226
69832|code|LDR             PC, [R12,#(getopt_ptr - 0x240C8)]!; __imp_getopt|204-255-188-229
69836|code|ADR             R12, 0x110D4|0-198-143-226
69840|code|ADD             R12, R12, #0x13000|19-202-140-226
69844|code|LDR             PC, [R12,#(fcntl_ptr - 0x240D4)]!; __imp_fcntl|196-255-188-229
69848|code|ADR             R12, 0x110E0|0-198-143-226
69852|code|ADD             R12, R12, #0x13000|19-202-140-226
69856|code|LDR             PC, [R12,#(__errno_location_ptr - 0x240E0)]!; __imp___errno_location|188-255-188-229
69860|code|ADR             R12, 0x110EC|0-198-143-226
69864|code|ADD             R12, R12, #0x13000|19-202-140-226
69868|code|LDR             PC, [R12,#(__sprintf_chk_ptr - 0x240EC)]!; __imp___sprintf_chk|180-255-188-229
69872|code|ADR             R12, 0x110F8|0-198-143-226
69876|code|ADD             R12, R12, #0x13000|19-202-140-226
69880|code|LDR             PC, [R12,#(memset_ptr - 0x240F8)]!; __imp_memset|172-255-188-229
69884|code|ADR             R12, 0x11104|0-198-143-226
69888|code|ADD             R12, R12, #0x13000|19-202-140-226
69892|code|LDR             PC, [R12,#(putchar_ptr - 0x24104)]!; __imp_putchar|164-255-188-229
69896|code|ADR             R12, 0x11110|0-198-143-226
69900|code|ADD             R12, R12, #0x13000|19-202-140-226
69904|code|LDR             PC, [R12,#(strncpy_ptr - 0x24110)]!; __imp_strncpy|156-255-188-229
69908|code|ADR             R12, 0x1111C|0-198-143-226
69912|code|ADD             R12, R12, #0x13000|19-202-140-226
69916|code|LDR             PC, [R12,#(__printf_chk_ptr - 0x2411C)]!; __imp___printf_chk|148-255-188-229
69920|code|ADR             R12, 0x11128|0-198-143-226
69924|code|ADD             R12, R12, #0x13000|19-202-140-226
69928|code|LDR             PC, [R12,#(__fprintf_chk_ptr - 0x24128)]!; __imp___fprintf_chk|140-255-188-229
69932|code|ADR             R12, 0x11134|0-198-143-226
69936|code|ADD             R12, R12, #0x13000|19-202-140-226
69940|code|LDR             PC, [R12,#(access_ptr - 0x24134)]!; __imp_access|132-255-188-229
69944|code|ADR             R12, 0x11140|0-198-143-226
69948|code|ADD             R12, R12, #0x13000|19-202-140-226
69952|code|LDR             PC, [R12,#(strnlen_ptr - 0x24140)]!; __imp_strnlen|124-255-188-229
69956|code|ADR             R12, 0x1114C|0-198-143-226
69960|code|ADD             R12, R12, #0x13000|19-202-140-226
69964|code|LDR             PC, [R12,#(ext2fs_close_free_ptr - 0x2414C)]!; __imp_ext2fs_close_free|116-255-188-229
69968|code|ADR             R12, 0x11158|0-198-143-226
69972|code|ADD             R12, R12, #0x13000|19-202-140-226
69976|code|LDR             PC, [R12,#(endmntent_ptr - 0x24158)]!; __imp_endmntent|108-255-188-229
69980|code|ADR             R12, 0x11164|0-198-143-226
69984|code|ADD             R12, R12, #0x13000|19-202-140-226
69988|code|LDR             PC, [R12,#(munmap_ptr - 0x24164)]!; __imp_munmap|100-255-188-229
69992|code|ADR             R12, 0x11170|0-198-143-226
69996|code|ADD             R12, R12, #0x13000|19-202-140-226
70000|code|LDR             PC, [R12,#(fallocate64_ptr - 0x24170)]!; __imp_fallocate64|92-255-188-229
70004|code|ADR             R12, 0x1117C|0-198-143-226
70008|code|ADD             R12, R12, #0x13000|19-202-140-226
70012|code|LDR             PC, [R12,#(statfs64_ptr - 0x2417C)]!; __imp_statfs64|84-255-188-229
70016|code|ADR             R12, 0x11188|0-198-143-226
70020|code|ADD             R12, R12, #0x13000|19-202-140-226
70024|code|LDR             PC, [R12,#(mincore_ptr - 0x24188)]!; __imp_mincore|76-255-188-229
70028|code|ADR             R12, 0x11194|0-198-143-226
70032|code|ADD             R12, R12, #0x13000|19-202-140-226
70036|code|LDR             PC, [R12,#(setmntent_ptr - 0x24194)]!; __imp_setmntent|68-255-188-229
70040|code|ADR             R12, 0x111A0|0-198-143-226
70044|code|ADD             R12, R12, #0x13000|19-202-140-226
70048|code|LDR             PC, [R12,#(__xstat64_ptr - 0x241A0)]!; __imp___xstat64|60-255-188-229
70052|code|ADR             R12, 0x111AC|0-198-143-226
70056|code|ADD             R12, R12, #0x13000|19-202-140-226
70060|code|LDR             PC, [R12,#(strncmp_ptr - 0x241AC)]!; __imp_strncmp|52-255-188-229
70064|code|ADR             R12, 0x111B8|0-198-143-226
70068|code|ADD             R12, R12, #0x13000|19-202-140-226
70072|code|LDR             PC, [R12,#(abort_ptr - 0x241B8)]!; __imp_abort|44-255-188-229
70076|code|ADR             R12, 0x111C4|0-198-143-226
70080|code|ADD             R12, R12, #0x13000|19-202-140-226
70084|code|LDR             PC, [R12,#(close_ptr - 0x241C4)]!; __imp_close|36-255-188-229
70088|code|ADR             R12, 0x111D0|0-198-143-226
70092|code|ADD             R12, R12, #0x13000|19-202-140-226
70096|code|LDR             PC, [R12,#(__lxstat64_ptr - 0x241D0)]!; __imp___lxstat64|28-255-188-229
70100|code|SVCMI           0xF0E92D|45-233-240-79
70104|code|MOVNE           PC, #0x245|69-242-0-19
70108|code|BLHI            0xCC698|45-237-2-139
70112|code|MOVEQ           PC, #0x22C0|192-242-2-3
70116|code|STMDACS         R1, {R9,SP}|0-34-1-40
70120|data|DCD 0xF5AD4683, 0xB0895D47, 0x920F9307, 0x5247F50D, 0xF102681B|131-70-173-245-71-93-137-176-7-147-15-146-13-245-71-82-27-104-2-241-28-2-5-145-19-96-24-208-73-242-0-84-192-242-2-4-68-242-204-34-5-153-88-70-192-242-1-2-255-247-82-239-65-28-26-208-99-40-17-208-118-40-6-209-212-248-180-60-67-240-1-3-196-248-180-60-234-231-68-242-164-96-192-242-1-0-255-247-16-239-1-32-255-247-42-239-212-248-180-60-67-240-2-3-196-248-180-60-218-231-69-242-8-19-192-242-2-3-9-147-29-70-27-104-155-69-230-208-255-247-140-238-213-248-0-144-74-242-248-84-203-69-192-242-2-4-196-248-196-11-224-221-5-155-73-242-0-88-192-242-2-8-69-242-32-21-3-235-137-3-0-34-71-70-192-242-2-5-8-146-152-70-205-248-24-176-31-224-69-242-16-22-67-246-12-114-192-242-2-6-67-246-140-99-48-104-192-242-1-2-192-242-1-3-1-33-255-247-46-239-67-246-92-98-48-104-192-242-1-2-1-33-88-248-4-60-255-247-36-239-6-155-9-241-1-9-153-69-0-240-100-130-182-75-0-38-49-70-65-242-1-2-116-168-79-240-0-10-79-240-0-11-196-248-216-107-195-233-0-171-46-96-110-96-196-248-220-107-196-248-224-107-196-248-200-107-196-248-204-107-199-248-176-108-110-97-238-96-46-116-255-247-232-238-13-245-142-80-49-70-65-242-1-2-20-48-255-247-224-238-49-70-65-242-1-2-162-72-255-247-218-238-69-242-120-2-49-70-160-72-255-247-212-238-215-248-180-60-154-7-4-213-9-155-27-104-75-69-192-242-173-128-3-32-88-248-4-27-38-170-255-247-48-239-0-40-192-242-1-129-42-155-3-244-112-67-179-245-32-79-0-240-15-129-179-245-192-79-0-240-157-128-179-245-128-79-0-240-247-129-179-245-0-79-136-209-79-240-2-11-88-248-4-108-13-245-7-81-52-155-65-242-1-2-24-49-48-70-171-96-255-247-72-238-0-40-0-240-12-133-13-245-7-80-16-169-24-48-255-247-218-238-0-40-192-242-254-132-16-154-78-246-83-115-154-66-64-240-220-130-68-242-228-32-68-242-208-33-192-242-1-0-192-242-1-1-255-247-212-238-6-70-0-40-0-240-226-132-0-35-13-147-10-147-48-70-255-247-40-238-130-70-0-40-0-240-234-129-218-248-0-48-27-120-47-43-243-209-218-248-4-16-8-70-12-145-255-247-72-238-12-153-3-70-13-245-7-80-26-70-24-48-12-147-255-247-200-237-10-155-26-70-12-155-147-66-223-221-2-28-24-191-1-34-0-42-218-209-218-248-8-0-10-146-255-247-48-238-65-28-13-152-255-247-216-237-12-155-10-154-13-144-0-40-0-240-145-132-218-248-8-0-10-147-12-146-255-247-32-238-12-154-17-70-66-28-13-152-255-247-62-238-218-248-8-16-8-70-12-145-255-247-20-238-12-153-2-70-13-152-255-247-64-238-218-248-4-16-79-244-128-82-76-72-255-247-56-238-218-248-0-160-80-70-255-247-4-238-81-70-65-242-1-3-66-28-13-245-142-80-20-48-255-247-142-237-158-231-10-32-255-247-32-238-78-231-88-248-4-108-79-244-128-81-48-70-255-247-54-238-49-70-65-242-1-3-2-70-13-245-142-80-20-48-255-247-122-237-49-70-64-170-3-32-255-247-88-238-0-40-192-242-77-132-68-242-228-32-68-242-208-33-192-242-1-0-192-242-1-1-255-247-70-238-13-245-180-122-131-70-0-40-0-240-82-132-88-70-255-247-154-237-6-70-0-40-0-240-123-131-3-32-49-104-82-70-255-247-58-238-0-40-241-219-72-171-211-233-0-1-218-233-8-35-153-66-8-191-144-66-232-209-88-70-255-247-8-238-68-242-240-33-192-242-1-1-176-104-255-247-8-237-0-40-64-240-26-130-113-104-79-244-128-82-116-168-255-247-212-237-3-32-116-169-38-170-255-247-46-238-0-40-45-218-68-242-160-32-192-242-1-0-255-247-84-237-69-242-16-19-192-242-2-3-67-246-92-98-24-104-192-242-1-2-1-33-88-248-4-60-255-247-196-237-158-230-3-32-88-248-4-28-90-170-255-247-250-237-48-185-94-155-3-244-112-67-179-245-192-79-0-240-191-131-42-155-3-244-112-67-222-230-0-191-200-177-2-0-184-161-2-0-56-81-2-0-215-248-180-60-155-7-64-241-243-130-52-154-212-248-196-59-170-96-0-43-0-240-104-129-79-240-0-11-79-244-128-81-116-168-255-247-164-237-65-242-1-3-116-169-2-70-197-72-255-247-232-236-79-244-128-81-194-72-255-247-152-237-68-242-164-65-192-242-1-1-65-242-1-3-192-245-128-82-189-72-255-247-148-236-65-246-189-97-3-35-116-168-192-242-1-1-79-244-250-98-255-247-174-236-215-248-180-60-19-240-2-6-0-240-65-130-218-7-0-241-19-131-212-248-196-59-0-43-64-240-104-131-66-242-1-49-79-244-250-98-3-35-116-168-192-242-1-1-255-247-150-236-212-248-216-59-74-242-248-82-192-242-2-2-0-43-83-208-210-248-196-59-0-43-64-240-148-130-215-248-180-60-222-7-0-241-119-131-67-246-132-118-67-246-140-112-192-242-1-6-0-150-159-78-67-246-108-113-68-242-220-50-67-246-128-115-192-242-1-0-192-242-1-1-1-144-192-242-1-2-192-242-1-3-1-32-79-240-1-10-255-247-42-237-12-149-10-148-48-70-255-247-240-236-37-40-0-242-247-130-51-120-211-177-86-248-20-44-68-242-12-65-86-248-16-60-192-242-1-1-0-146-1-32-1-147-82-70-86-233-3-69-51-70-10-241-1-10-6-245-128-86-24-54-205-233-2-69-255-247-8-237-186-241-6-15-220-209-12-157-10-156-212-248-216-59-8-154-0-43-24-191-1-34-8-146-215-248-180-44-145-7-127-245-217-173-212-248-196-11-74-242-248-81-192-242-2-1-216-185-0-43-64-240-57-129-211-7-0-241-92-130-187-241-0-15-0-240-68-130-187-241-1-15-88-248-4-44-9-191-68-242-44-81-68-242-96-81-88-70-192-242-1-1-28-191-1-32-192-242-1-1-255-247-212-236-68-242-212-48-192-242-1-0-255-247-116-236-174-229-88-248-4-12-4-33-255-247-212-236-0-40-192-242-148-130-88-248-4-108-79-244-128-81-79-240-1-11-48-70-255-247-206-236-49-70-65-242-1-3-2-70-116-168-255-247-20-236-244-229-8-155-0-43-63-244-71-173-13-245-71-83-0-32-28-51-26-104-7-155-27-104-154-66-64-240-7-131-13-245-71-93-9-176-189-236-2-139-189-232-240-143-48-70-255-247-186-236-13-158-0-46-0-240-211-128-68-242-240-33-48-70-192-242-1-1-255-247-184-235-0-40-64-240-198-128-48-70-255-247-210-235-88-248-4-12-116-169-65-242-1-2-255-247-24-236-0-40-0-240-251-129-212-248-196-59-0-43-77-208-187-241-1-15-123-208-187-241-2-15-127-244-224-174-79-244-128-81-56-72-1-38-110-96-46-96-255-247-128-236-68-242-164-65-65-242-1-3-192-242-1-1-192-245-128-82-49-72-255-247-126-235-79-244-128-81-47-72-255-247-112-236-116-169-2-70-44-72-255-247-162-236-0-40-0-240-62-130-73-242-0-83-192-242-2-3-211-248-180-44-18-240-2-10-64-240-141-129-68-242-180-65-88-248-4-44-192-242-1-1-48-70-255-247-68-236-83-70-88-248-4-12-38-169-82-70-1-240-172-248-212-248-216-59-0-43-0-240-77-130-68-242-212-64-192-242-1-0-255-247-216-235-44-231-155-70-69-242-24-19-13-241-60-10-192-242-2-3-205-248-4-160-30-104-13-245-142-80-171-104-20-48-79-244-0-49-0-34-0-150-69-242-32-22-255-247-114-235-192-242-2-6-0-40-0-240-169-129-215-248-180-60-222-7-127-245-242-172-5-155-1-70-68-242-120-50-192-242-1-2-88-104-13-245-142-83-20-51-255-247-134-235-228-228-0-191-184-161-2-0-76-81-2-0-215-248-180-60-153-7-64-241-215-129-79-244-128-81-204-72-255-247-6-236-68-242-200-49-65-242-1-3-192-242-1-1-6-70-192-245-128-82-198-72-255-247-2-235-116-171-155-93-0-43-63-244-105-174-79-244-128-81-193-72-255-247-240-235-116-169-6-70-2-70-190-72-255-247-32-236-56-185-116-171-155-93-0-43-0-240-239-129-47-43-0-240-236-129-0-33-65-242-1-2-182-72-255-247-184-235-77-230-13-152-255-247-12-235-69-242-16-17-67-246-12-114-192-242-2-1-68-242-248-35-8-104-192-242-1-2-192-242-1-3-1-33-255-247-188-235-149-228-171-75-52-152-209-248-200-107-211-248-0-192-0-40-91-104-184-191-0-242-255-48-50-70-223-237-166-138-128-18-205-248-52-192-12-147-12-153-195-23-0-251-1-254-12-251-3-238-243-23-160-251-12-1-113-68-2-240-142-248
72168|data|DCD 0xABCCF8D4, 0xC034F8DD, 0x460B4602, 0x230AE9CD, 0x306EBCA|212-248-204-171-221-248-52-192-2-70-11-70-205-233-10-35-202-235-6-3-12-153-96-70-8-238-16-58-2-240-28-248-178-238-4-122-221-233-10-35-68-242-136-81-192-242-1-1-205-233-0-35-50-70-83-70-184-238-200-138-40-238-40-138-7-238-144-10-1-32-200-238-39-122-244-238-199-122-241-238-16-250-193-191-179-238-4-138-159-237-136-122-39-238-136-138-136-238-40-138-218-191-178-238-0-138-39-238-136-138-56-238-7-138-183-238-200-122-141-237-2-123-255-247-88-235-68-242-232-80-192-242-1-0-255-247-248-234-187-241-0-15-0-240-181-128-187-241-1-15-88-248-4-44-9-191-68-242-64-97-68-242-88-97-88-70-192-242-1-1-28-191-1-32-192-242-1-1-255-247-60-235-223-237-114-122-180-238-231-138-241-238-16-250-203-191-68-242-108-96-68-242-132-96-192-242-1-0-192-242-1-0-255-247-208-234-84-230-66-246-245-17-79-244-250-98-192-242-1-1-3-35-116-168-74-242-248-90-255-247-92-234-68-242-44-65-192-242-1-1-212-248-216-43-107-104-1-32-255-247-20-235-107-104-212-248-216-43-68-242-68-65-192-242-1-1-1-32-154-26-192-242-2-10-255-247-6-235-73-242-0-83-192-242-2-3-69-242-32-28-211-248-180-60-192-242-2-12-216-7-127-245-246-173-68-242-92-65-1-32-192-242-1-1-218-248-200-43-218-248-204-59-205-248-48-192-255-247-236-234-221-248-48-192-220-248-0-192-188-241-0-15-0-240-16-129-218-248-220-11-100-33-98-70-51-70-205-248-52-192-160-251-1-1-1-240-209-255-221-248-52-192-51-70-98-70-12-144-218-248-224-11-10-145-100-33-160-251-1-1-1-240-196-255-11-70-68-242-120-65-141-232-9-0-12-154-192-242-1-1-10-155-1-32-255-247-192-234-187-229-0-34-88-248-4-12-19-70-38-169-0-240-174-251-179-229-215-248-180-60-19-240-2-15-79-240-1-3-8-147-127-244-218-173-255-247-142-187-68-242-56-49-88-248-4-44-192-242-1-1-1-32-255-247-164-234-2-229-68-242-252-65-88-248-4-44-192-242-1-1-1-32-255-247-154-234-195-229-68-242-44-97-88-248-4-44-192-242-1-1-1-32-255-247-144-234-82-231-10-32-255-247-128-234-187-241-0-15-127-244-161-173-227-231-68-242-96-48-192-242-1-0-178-228-88-70-255-247-156-234-69-242-16-17-192-242-2-1-67-246-12-114-68-242-28-51-8-104-192-242-1-2-192-242-1-3-1-33-255-247-116-234-255-247-78-187-15-155-80-70-27-105-25-106-26-110-147-248-116-49-113-97-242-96-51-116-255-247-120-234-225-229-0-191-184-161-2-0-200-177-2-0-0-0-200-66-0-0-160-66-0-0-92-66-67-246-132-118-67-246-140-112-67-246-108-113-67-246-76-98-67-246-128-115-192-242-1-0-192-242-1-3-1-144-192-242-1-6-192-242-1-1-0-150-192-242-1-2-1-32-255-247-60-234-73-242-0-83-192-242-2-3-211-248-180-60-219-7-63-245-208-172-201-228-88-248-4-12-255-247-182-233-255-247-13-187-68-242-240-49-86-248-20-44-86-248-16-60-192-242-1-1-9-229-68-242-160-49-88-70-192-242-1-1-88-248-4-44-255-247-26-234-30-230-69-242-16-26-67-246-12-114-192-242-2-10-67-246-108-99-49-70-218-248-0-0-192-242-1-2-192-242-1-3-255-247-14-234-67-246-92-98-218-248-0-0-49-70-192-242-1-2-88-248-4-60-255-247-2-234-255-247-220-186-68-242-212-48-1-35-192-242-1-0-8-147-255-247-152-233-255-247-210-186-90-169-38-168-104-34-255-247-56-233-58-228-68-242-232-64-192-242-1-0-255-247-138-233-223-228-69-242-16-22-67-246-12-114-192-242-2-6-67-246-108-99-48-104-192-242-1-2-192-242-1-3-255-247-169-186-0-35-12-147-24-70-10-147-3-231-10-32-255-247-192-233-132-228-48-70-255-247-230-233-255-247-168-186-68-242-160-32-192-242-1-0-255-247-72-233-69-242-16-17-192-242-2-1-67-246-92-98-51-70-8-104-192-242-1-2-1-33-255-247-186-233-255-247-147-186-68-242-212-32-192-242-1-0-255-247-52-233-255-247-139-186-68-242-144-0-192-242-1-0-225-231-68-242-96-48-192-242-1-0-220-231-255-247-2-233-0-191
73180|code|MOV.W           R11, #0|79-240-0-11
73184|code|MOV.W           LR, #0|79-240-0-14
73188|code|POP             {R1}; argc|2-188
73190|code|MOV             R2, SP; ubp_av|106-70
73192|code|PUSH            {R2}; stack_end|4-180
73194|code|PUSH            {R0}; rtld_fini|1-180
73196|code|LDR.W           R12, =(nullsub_1+1)|223-248-16-192
73200|code|PUSH.W          {R12}; fini|77-248-4-205
73204|code|LDR             R0, =(loc_111D4+1); main|3-72
73206|code|LDR             R3, =(sub_13DFC+1); init|4-75
73208|code|BLX             __libc_start_main|255-247-62-233
73212|code|BLX             abort|255-247-216-233
73216|data|DCD nullsub_1+1|61-62-1-0
73220|data|DCD loc_111D4+1|213-17-1-0
73224|data|DCD sub_13DFC+1|253-61-1-0
73228|code|LDR             R3, =(_GLOBAL_OFFSET_TABLE_ - 0x11E1C)|20-48-159-229
73232|code|LDR             R2, =(__gmon_start___ptr_0 - 0x25000)|20-32-159-229
73236|code|ADD             R3, PC, R3; _GLOBAL_OFFSET_TABLE_|3-48-143-224
73240|code|LDR             R2, [R3,R2]; __imp___gmon_start__|2-32-147-231
73244|code|CMP             R2, #0|0-0-82-227
73248|code|BXEQ            LR|30-255-47-1
73252|code|B               __gmon_start__|153-252-255-234
73256|data|DCD _GLOBAL_OFFSET_TABLE_ - 0x11E1C|228-49-1-0
73260|data|DCD __gmon_start___ptr_0 - 0x25000|240-0-0-0
73264|code|LDR             R3, =unk_250FF|7-75
73266|code|MOV             R0, #0x250FC|69-242-252-0-192-242-2-0
73274|code|SUBS            R3, R3, R0|27-26
73276|code|CMP             R3, #6|6-43
73278|code|BLS             locret_11E4C|5-217
73280|code|MOV             R3, #0|64-242-0-3-192-242-0-3
73288|code|CBZ             R3, locret_11E4C|3-177
73290|code|BX              R3|24-71
73292|code|BX              LR|112-71
73294|data|ALIGN 0x10|0-191
73296|data|DCD unk_250FF|255-80-2-0
73300|code|MOVW            R3, #0x50FC|69-242-252-3
73304|code|MOVW            R0, #0x50FC|69-242-252-0
73308|code|MOVT.W          R3, #2|192-242-2-3
73312|code|MOVT.W          R0, #2|192-242-2-0
73316|code|SUBS            R1, R3, R0|25-26
73318|code|ASRS            R1, R1, #2|137-16
73320|code|ADD.W           R1, R1, R1,LSR#31|1-235-209-113
73324|code|ASRS            R1, R1, #1|73-16
73326|code|BEQ             locret_11E7C|5-208
73328|code|MOV             R3, #0|64-242-0-3-192-242-0-3
73336|code|CBZ             R3, locret_11E7C|3-177
73338|code|BX              R3|24-71
73340|code|BX              LR|112-71
73342|data|ALIGN 0x10|0-191
73344|code|PUSH            {R4,LR}|16-181
73346|code|MOV             R4, #0x2511C|69-242-28-20-192-242-2-4
73354|code|LDRB            R3, [R4]|35-120
73356|code|CBNZ            R3, locret_11E96|27-185
73358|code|BL              sub_11E30|255-247-207-255
73362|code|MOVS            R3, #1|1-35
73364|code|STRB            R3, [R4]|35-112
73366|code|POP             {R4,PC}|16-189
73368|code|MOVW            R0, #0x4EF4|68-246-244-96
73372|code|PUSH            {R3,LR}|8-181
73374|code|MOVT.W          R0, #2|192-242-2-0
73378|code|LDR             R3, [R0]|3-104
73380|code|CBNZ            R3, loc_11EAC|19-185
73382|code|POP.W           {R3,LR}|189-232-8-64
73386|code|B               sub_11E54|211-231
73388|code|MOV             R3, #0|64-242-0-3-192-242-0-3
73396|code|CMP             R3, #0|0-43
73398|code|BEQ             loc_11EA6|246-208
73400|code|BLX             R3|152-71
73402|code|B               loc_11EA6|244-231
73404|code|LDR             R3, [R1,#0x10]|11-105
73406|code|MOVS            R0, #0|0-32
73408|code|AND.W           R3, R3, #0xF000|3-244-112-67
73412|code|CMP.W           R3, #0x8000|179-245-0-79
73416|code|MOV             R3, #0x25120|69-242-32-19-192-242-2-3
73424|code|ITTT EQ|2-191
73426|code|LDREQ           R2, [R3]|26-104
73428|code|ADDEQ           R2, #1|1-50
73430|code|STREQ           R2, [R3]|26-96
73432|code|LDR             R2, [R3,#(dword_25124 - 0x25120)]|90-104
73434|code|ADDS            R2, #1|1-50
73436|code|STR             R2, [R3,#(dword_25124 - 0x25120)]|90-96
73438|code|BX              LR|112-71
73440|code|PUSH.W          {R4-R11}|45-233-240-15
73444|code|MOVS            R1, #0|0-33
73446|code|LDRD.W          R4, R5, [R0,#0x18]|208-233-6-69
73450|code|MOV             R3, R0|3-70
73452|code|B               loc_11EF8|4-224
73454|code|CMP             R0, R2|144-66
73456|code|ADD.W           R1, R1, #1|1-241-1-1
73460|code|MOV             R3, R2|19-70
73462|code|BEQ             loc_11F30|27-208
73464|code|LDRD.W          R8, R9, [R3,#8]|211-233-2-137
73468|code|LDR             R2, [R3,#4]|90-104
73470|code|ADDS.W          R6, R4, R8|20-235-8-6
73474|code|ADC.W           R7, R5, R9|69-235-9-7
73478|code|LDRD.W          R4, R5, [R2,#0x18]|210-233-6-69
73482|code|CMP             R7, R5|175-66
73484|code|IT EQ|8-191
73486|code|CMPEQ           R6, R4|166-66
73488|code|BNE             loc_11EEE|237-209
73490|code|LDRD.W          R10, R11, [R3,#0x10]|211-233-4-171
73494|code|LDRD.W          R6, R7, [R2,#0x10]|210-233-4-103
73498|code|ADDS.W          R8, R8, R10|24-235-10-8
73502|code|ADC.W           R9, R9, R11|73-235-11-9
73506|code|CMP             R9, R7|185-69
73508|code|IT EQ|8-191
73510|code|CMPEQ           R8, R6|176-69
73512|code|BNE             loc_11EEE|225-209
73514|code|CMP             R0, R2|144-66
73516|code|MOV             R3, R2|19-70
73518|code|BNE             loc_11EF8|227-209
73520|code|MOV             R0, R1|8-70
73522|code|POP.W           {R4-R11}|189-232-240-15
73526|code|BX              LR|112-71
73528|code|MOV             R3, R0|3-70
73530|code|CBZ             R0, locret_11F66|160-177
73532|code|PUSH            {R4,LR}|16-181
73534|code|LDR             R4, [R0,#4]|68-104
73536|code|CMP             R0, R4|160-66
73538|code|BEQ             loc_11F5C|11-208
73540|code|MOV             R2, R4|34-70
73542|code|LDR             R1, [R3]|25-104
73544|code|MOV             R0, R3; ptr|24-70
73546|code|STR             R2, [R1,#4]|74-96
73548|code|LDR             R4, [R3,#4]|92-104
73550|code|STR             R1, [R4]|33-96
73552|code|BLX             free|255-247-38-232
73556|code|LDR             R2, [R4,#4]|98-104
73558|code|MOV             R3, R4|35-70
73560|code|CMP             R2, R4|162-66
73562|code|BNE             loc_11F46|244-209
73564|code|MOV             R0, R4; ptr|32-70
73566|code|POP.W           {R4,LR}|189-232-16-64
73570|code|B.W             sub_10F9C|255-247-27-184
73574|code|BX              LR|112-71
73576|code|PUSH.W          {R3-R11,LR}|45-233-248-79
73580|code|MOV             R6, R0|6-70
73582|code|LDR             R0, [R0]|0-104
73584|code|CMP             R1, #0|0-41
73586|code|BEQ             loc_11FFC|67-208
73588|code|CMP             R0, #0|0-40
73590|code|BEQ             loc_12022|84-208
73592|code|LDRD.W          R8, R9, [R1,#0x10]|209-233-4-137
73596|code|LDRD.W          R2, R3, [R0,#0x10]|208-233-4-35
73600|code|CMP             R3, R9|75-69
73602|code|IT EQ|8-191
73604|code|CMPEQ           R2, R8|66-69
73606|code|IT CC|56-191
73608|code|MOVCC           R7, R0|7-70
73610|code|BCC             loc_11FC2|26-211
73612|code|LDRD.W          R4, R5, [R1,#8]|209-233-2-69
73616|code|ADDS.W          R4, R4, R8|20-235-8-4
73620|code|ADC.W           R5, R5, R9|69-235-9-5
73624|code|CMP             R3, R5|171-66
73626|code|IT EQ|8-191
73628|code|CMPEQ           R2, R4|162-66
73630|code|BCC             loc_11FFC|45-211
73632|code|STR             R1, [R6]|49-96
73634|code|LDR             R6, [R0]|6-104
73636|code|LDR             R2, [R6,#4]|114-104
73638|code|MOVS            R3, #0|0-35
73640|code|STR             R2, [R1,#4]|74-96
73642|code|LDR             R2, [R6,#4]|114-104
73644|code|STR             R1, [R2]|17-96
73646|code|STR             R6, [R1]|14-96
73648|code|STR             R1, [R6,#4]|113-96
73650|code|MOV             R0, R3|24-70
73652|code|POP.W           {R3-R11,PC}|189-232-248-143
73656|code|LDR             R7, [R7,#4]|127-104
73658|code|CMP             R0, R7|184-66
73660|code|BEQ             loc_1200A|37-208
73662|code|LDRD.W          R2, R3, [R7,#0x10]|215-233-4-35
73666|code|CMP             R9, R3|153-69
73668|code|IT EQ|8-191
73670|code|CMPEQ           R8, R2|144-69
73672|code|BCS             loc_11FB8|246-210
73674|code|LDR             R6, [R7]|62-104
73676|code|LDRD.W          R10, R11, [R6,#8]|214-233-2-171
73680|code|LDRD.W          R4, R5, [R6,#0x10]|214-233-4-69
73684|code|ADDS.W          R4, R4, R10|20-235-10-4
73688|code|ADC.W           R5, R5, R11|69-235-11-5
73692|code|CMP             R9, R5|169-69
73694|code|IT EQ|8-191
73696|code|CMPEQ           R8, R4|160-69
73698|code|BCC             loc_11FFC|11-211
73700|code|CMP             R0, R7|184-66
73702|code|BEQ             loc_11FA4|221-208
73704|code|LDRD.W          R4, R5, [R1,#8]|209-233-2-69
73708|code|ADDS.W          R4, R4, R8|20-235-8-4
73712|code|ADC.W           R5, R5, R9|69-235-9-5
73716|code|CMP             R3, R5|171-66
73718|code|IT EQ|8-191
73720|code|CMPEQ           R2, R4|162-66
73722|code|BCS             loc_11FA4|211-210
73724|code|BLX             __errno_location|255-247-108-232
73728|code|MOVS            R2, #0x16|22-34
73730|code|MOV.W           R3, #0xFFFFFFFF|79-240-255-51
73734|code|STR             R2, [R0]|2-96
73736|code|B               loc_11FB2|211-231
73738|code|LDR             R6, [R0]|6-104
73740|code|LDRD.W          R4, R5, [R6,#8]|214-233-2-69
73744|code|LDRD.W          R2, R3, [R6,#0x10]|214-233-4-35
73748|code|ADDS            R2, R2, R4|18-25
73750|code|ADCS            R3, R5|107-65
73752|code|CMP             R9, R3|153-69
73754|code|IT EQ|8-191
73756|code|CMPEQ           R8, R2|144-69
73758|code|BCS             loc_11FA4|193-210
73760|code|B               loc_11FFC|236-231
73762|code|STR             R1, [R6]|49-96
73764|code|MOV             R3, R0|3-70
73766|code|STR             R1, [R1]|9-96
73768|code|MOV             R0, R3|24-70
73770|code|LDR             R2, [R6]|50-104
73772|code|STR             R2, [R2,#4]|82-96
73774|code|POP.W           {R3-R11,PC}|189-232-248-143
73778|data|ALIGN 4|0-191
73780|code|PUSH            {R3-R7,LR}|248-181
73782|code|MOV             R6, R0|6-70
73784|code|LDR             R5, [R0]|5-104
73786|code|MOV             R7, R1|15-70
73788|code|LDR             R4, [R5,#4]|108-104
73790|code|CMP             R5, R4|165-66
73792|code|BNE             loc_1204E|5-209
73794|code|B               loc_12070|21-224
73796|code|LDR             R3, [R4,#4]|99-104
73798|code|MOV             R5, R4|37-70
73800|code|CMP             R3, R4|163-66
73802|code|BEQ             loc_12070|17-208
73804|code|MOV             R4, R3|28-70
73806|code|LDR             R3, [R5]|43-104
73808|code|MOV             R0, R7|56-70
73810|code|MOV             R1, R5|41-70
73812|code|STR             R4, [R3,#4]|92-96
73814|code|LDR             R2, [R5,#4]|106-104
73816|code|STR             R3, [R2]|19-96
73818|code|STR             R4, [R6]|52-96
73820|code|BL              sub_11F68|255-247-132-255
73824|code|CMP             R0, #0|0-40
73826|code|BGE             loc_12044|239-218
73828|code|MOV             R0, R5; ptr|40-70
73830|code|BLX             free|254-247-156-239
73834|code|MOV.W           R0, #0xFFFFFFFF|79-240-255-48
73838|code|POP             {R3-R7,PC}|248-189
73840|code|MOV             R0, R7|56-70
73842|code|MOV             R1, R4|33-70
73844|code|BL              sub_11F68|255-247-120-255
73848|code|CMP             R0, #0|0-40
73850|code|BLT             loc_12082|2-219
73852|code|MOVS            R0, #0|0-32
73854|code|STR             R0, [R6]|48-96
73856|code|POP             {R3-R7,PC}|248-189
73858|code|MOV.W           R0, #0xFFFFFFFF|79-240-255-48
73862|code|POP             {R3-R7,PC}|248-189
73864|code|PUSH.W          {R4-R11,LR}|45-233-240-79
73868|code|SUB             SP, SP, #0x34|141-176
73870|code|STR             R0, [SP,#0x58+fd]|10-144
73872|code|MOVW            R0, #0x7020; size|71-242-32-0
73876|code|STR             R1, [SP,#0x58+var_3C]|7-145
73878|code|BLX             malloc|254-247-234-239
73882|code|MOV             R6, R0|6-70
73884|code|STR             R0, [SP,#0x58+ptr]|8-144
73886|code|CMP             R0, #0|0-40
73888|code|BEQ.W           loc_122B4|0-240-8-129
73892|code|MOVS            R1, #0; c|0-33
73894|code|MOVW            R2, #0x7020; n|71-242-32-2
73898|code|BLX             memset|255-247-34-232
73902|code|MOVW            R2, #0x5120|69-242-32-18
73906|code|LDR             R3, [R6,#0x10]|51-105
73908|code|MOV             R4, R2|20-70
73910|code|MOVS            R0, #0|0-32
73912|code|MOV             R2, R6|50-70
73914|code|MOVS            R1, #0|0-33
73916|code|ADDS            R2, #0x20 ; ' '|32-50
73918|code|STR             R2, [SP,#0x58+s]|9-146
73920|code|MOV             R2, R4|34-70
73922|code|MOVT.W          R2, #2|192-242-2-2
73926|code|ORR.W           R4, R3, #1|67-240-1-4
73930|code|STR             R2, [SP,#0x58+var_2C]|11-146
73932|code|MOV.W           R3, #0xFFFFFFFF|79-240-255-51
73936|code|STR             R4, [R6,#0x10]|52-97
73938|code|MOV.W           R2, #0xFFFFFFFF|79-240-255-50
73942|code|MOV.W           R4, #0x200|79-244-0-116
73946|code|STRD.W          R2, R3, [R6,#8]|198-233-2-35
73950|code|STR             R4, [R6,#0x18]|180-97
73952|code|MOV             R7, R1|15-70
73954|code|MOV             R6, R0|6-70
73956|code|LDR             R4, [SP,#0x58+ptr]|8-156
73958|code|MOVS            R1, #0; c|0-33
73960|code|MOV.W           R2, #0x7000; n|79-244-224-66
73964|code|LDR             R0, [SP,#0x58+s]; s|9-152
73966|code|STRD.W          R6, R7, [R4]|196-233-0-103
73970|code|BLX             memset|254-247-254-239
73974|code|MOVW            R1, #0x660B|70-242-11-97
73978|code|LDR             R0, [SP,#0x58+fd]; fd|10-152
73980|code|MOV             R2, R4|34-70
73982|code|MOVT.W          R1, #0xC020; request|204-242-32-1
73986|code|BLX             ioctl|254-247-150-239
73990|code|CMP             R0, #0|0-40
73992|code|BLT.W           loc_1229A|192-242-199-128
73996|code|LDR             R3, [R4,#0x14]|99-105
73998|code|CMP             R3, #0|0-43
74000|code|BEQ.W           loc_1229A|0-240-195-128
74004|code|LDR.W           R9, [SP,#0x58+var_2C]|221-248-44-144
74008|code|LDR             R3, [SP,#0x58+ptr]|8-155
74010|code|ADD.W           R11, R3, #0x30 ; '0'|3-241-48-11
74014|code|MOVS            R3, #0|0-35
74016|code|STR.W           R11, [SP,#0x58+var_54]|205-248-4-176
74020|code|STR             R3, [SP,#0x58+var_40]|6-147
74022|code|MOVS            R0, #0x20 ; ' '; size|32-32
74024|code|BLX             malloc|254-247-160-239
74028|code|MOV             R4, R0|4-70
74030|code|CMP             R0, #0|0-40
74032|code|BEQ.W           loc_1229A|0-240-179-128
74036|code|LDR.W           R6, [R9,#8]|217-248-8-96
74040|code|LDR             R5, [SP,#0x58+var_54]|1-157
74042|code|ASRS            R7, R6, #0x1F|247-23
74044|code|MOV             R2, R6|50-70
74046|code|LDRD.W          R0, R1, [R5,#-8]|85-233-2-1
74050|code|MOV             R3, R7|59-70
74052|code|BL              sub_13B04|1-240-222-252
74056|code|MOV             R2, R6|50-70
74058|code|MOV             R3, R7|59-70
74060|code|MOV             R10, R0|130-70
74062|code|MOV             R11, R1|139-70
74064|code|LDRD.W          R0, R1, [R5,#-0x10]|85-233-4-1
74068|code|STRD.W          R10, R11, [R4,#0x18]|196-233-6-171
74072|code|BL              sub_13B04|1-240-212-252
74076|code|MOV             R2, R6|50-70
74078|code|MOV             R3, R7|59-70
74080|code|STRD.W          R0, R1, [R4,#0x10]|196-233-4-1
74084|code|LDRD.W          R0, R1, [R5]|213-233-0-1
74088|code|BL              sub_13B04|1-240-204-252
74092|code|LDR             R3, [SP,#0x58+var_3C]|7-155
74094|code|LDR.W           R8, [R3]|211-248-0-128
74098|code|MOV             R2, R0|2-70
74100|code|MOV             R3, R1|11-70
74102|code|STRD.W          R0, R1, [SP,#0x58+var_50]|205-233-2-1
74106|code|STRD.W          R2, R3, [R4,#8]|196-233-2-35
74110|code|CMP.W           R8, #0|184-241-0-15
74114|code|BEQ.W           loc_122AA|0-240-146-128
74118|code|LDRD.W          R2, R3, [R8,#0x18]|216-233-6-35
74122|code|CMP             R3, R11|91-69
74124|code|IT EQ|8-191
74126|code|CMPEQ           R2, R10|82-69
74128|code|STRD.W          R2, R3, [SP,#0x58+var_48]|205-233-4-35
74132|code|BCS             loc_1224E|91-210
74134|code|MOV             R3, R8|67-70
74136|code|LDRD.W          R0, R1, [SP,#0x58+var_50]|221-233-2-1
74140|code|LDRD.W          R6, R7, [SP,#0x58+var_48]|221-233-4-103
74144|code|LDR             R5, [SP,#0x58+var_40]|6-157
74146|code|B               loc_121AE|4-224
74148|code|LDR             R3, [R3,#4]|91-104
74150|code|CMP             R8, R3|152-69
74152|code|BEQ             loc_12270|98-208
74154|code|LDRD.W          R6, R7, [R3,#0x18]|211-233-6-103
74158|code|CMP             R11, R7|187-69
74160|code|IT EQ|8-191
74162|code|CMPEQ           R10, R6|178-69
74164|code|BCS             loc_121A4|246-210
74166|code|LDR.W           LR, [R3]|211-248-0-224
74170|code|STRD.W          R0, R1, [SP,#0x58+var_50]|205-233-2-1
74174|code|STRD.W          R6, R7, [SP,#0x58+var_48]|205-233-4-103
74178|code|LDRD.W          R0, R1, [LR,#8]|222-233-2-1
74182|code|LDRD.W          R6, R7, [LR,#0x18]|222-233-6-103
74186|code|STR             R5, [SP,#0x58+var_40]|6-149
74188|code|ADDS            R0, R0, R6|128-25
74190|code|ADCS            R1, R7|121-65
74192|code|CMP             R11, R1|139-69
74194|code|IT EQ|8-191
74196|code|CMPEQ           R10, R0|130-69
74198|code|BCC             loc_1228C|89-211
74200|code|CMP             R8, R3|152-69
74202|code|BEQ             loc_121F4|11-208
74204|code|LDRD.W          R0, R1, [SP,#0x58+var_50]|221-233-2-1
74208|code|LDRD.W          R2, R3, [SP,#0x58+var_48]|221-233-4-35
74212|code|ADDS.W          R0, R0, R10|16-235-10-0
74216|code|ADC.W           R1, R1, R11|65-235-11-1
74220|code|CMP             R3, R1|139-66
74222|code|IT EQ|8-191
74224|code|CMPEQ           R2, R0|130-66
74226|code|BCC             loc_1228C|75-211
74228|code|LDR.W           R3, [LR,#4]|222-248-4-48
74232|code|STR             R3, [R4,#4]|99-96
74234|code|LDR.W           R3, [LR,#4]|222-248-4-48
74238|code|STR             R4, [R3]|28-96
74240|code|STR.W           LR, [R4]|196-248-0-224
74244|code|STR.W           R4, [LR,#4]|206-248-4-64
74248|code|LDR             R3, [SP,#0x58+ptr]|8-155
74250|code|LDR             R4, [R3,#0x14]|92-105
74252|code|LDR             R3, [SP,#0x58+var_40]|6-155
74254|code|ADDS            R3, #1|1-51
74256|code|STR             R3, [SP,#0x58+var_40]|6-147
74258|code|MOV             R2, R3|26-70
74260|code|LDR             R3, [SP,#0x58+var_54]|1-155
74262|code|CMP             R4, R2|148-66
74264|code|ADD.W           R3, R3, #0x38 ; '8'|3-241-56-3
74268|code|STR             R3, [SP,#0x58+var_54]|1-147
74270|code|BHI             loc_12126|130-216
74272|code|LDR             R3, [SP,#0x58+ptr]|8-155
74274|code|ADD.W           R5, R3, #0x6F80|3-245-223-69
74278|code|ADDS            R5, #0x68 ; 'h'|104-53
74280|code|LDRD.W          R0, R1, [R5,#0x10]|213-233-4-1
74284|code|LDRD.W          R2, R3, [R5]|213-233-0-35
74288|code|ADDS            R6, R0, R2|134-24
74290|code|ADC.W           R7, R1, R3|65-235-3-7
74294|code|CMP.W           R4, #0x200|180-245-0-127
74298|code|BNE             loc_12244|3-209
74300|code|LDR             R3, [R5,#0x28]|171-106
74302|code|LSLS            R3, R3, #0x1F|219-7
74304|code|BPL.W           loc_120E4|127-245-80-175
74308|code|LDR             R0, [SP,#0x58+ptr]; ptr|8-152
74310|code|BLX             free|254-247-172-238
74314|code|MOVS            R0, #0|0-32
74316|code|B               loc_122A4|42-224
74318|code|LDRD.W          R0, R1, [SP,#0x58+var_50]|221-233-2-1
74322|code|LDRD.W          R2, R3, [SP,#0x58+var_48]|221-233-4-35
74326|code|ADDS.W          R0, R0, R10|16-235-10-0
74330|code|ADC.W           R1, R1, R11|65-235-11-1
74334|code|CMP             R3, R1|139-66
74336|code|IT EQ|8-191
74338|code|CMPEQ           R2, R0|130-66
74340|code|BCC             loc_1228C|18-211
74342|code|LDR             R3, [SP,#0x58+var_3C]|7-155
74344|code|STR             R4, [R3]|28-96
74346|code|LDR.W           LR, [R8]|216-248-0-224
74350|code|B               loc_121F4|193-231
74352|code|LDR.W           LR, [R8]|216-248-0-224
74356|code|STR             R5, [SP,#0x58+var_40]|6-149
74358|code|LDRD.W          R0, R1, [LR,#8]|222-233-2-1
74362|code|LDRD.W          R2, R3, [LR,#0x18]|222-233-6-35
74366|code|ADDS            R6, R2, R0|22-24
74368|code|ADC.W           R7, R3, R1|67-235-1-7
74372|code|CMP             R11, R7|187-69
74374|code|IT EQ|8-191
74376|code|CMPEQ           R10, R6|178-69
74378|code|BCS             loc_121F4|179-210
74380|code|BLX             __errno_location|254-247-36-239
74384|code|MOVS            R3, #0x16|22-35
74386|code|STR             R3, [R0]|3-96
74388|code|MOV             R0, R4; ptr|32-70
74390|code|BLX             free|254-247-132-238
74394|code|LDR             R0, [SP,#0x58+ptr]; ptr|8-152
74396|code|BLX             free|254-247-128-238
74400|code|MOV.W           R0, #0xFFFFFFFF|79-240-255-48
74404|code|ADD             SP, SP, #0x34 ; '4'|13-176
74406|code|POP.W           {R4-R11,PC}|189-232-240-143
74410|code|LDR             R3, [SP,#0x58+var_3C]|7-155
74412|code|STR             R4, [R4]|36-96
74414|code|STR             R4, [R4,#4]|100-96
74416|code|STR             R4, [R3]|28-96
74418|code|B               loc_12208|169-231
74420|code|MOV.W           R0, #0xFFFFFFFF|79-240-255-48
74424|code|B               loc_122A4|244-231
74426|data|ALIGN 4|0-191
74428|code|PUSH            {R3-R5,LR}|56-181
74430|code|MOV             R4, #0x25120|69-242-32-20-192-242-2-4
74438|code|LDR             R3, [R4,#(dword_2512C - 0x25120)]|227-104
74440|code|ANDS.W          R3, R3, #0x200|19-244-0-115
74444|code|BNE             loc_122E0|8-209
74446|code|ADDS.W          R0, R0, #0xFFFFFFFF|16-241-255-48
74450|code|LDR             R2, [R4,#(dword_25134 - 0x25120)]|98-105
74452|code|ADC.W           R1, R1, #0xFFFFFFFF|65-241-255-49
74456|code|BL              sub_13B04|1-240-20-252
74460|code|ADDS            R0, #1|1-48
74462|code|POP             {R3-R5,PC}|56-189
74464|code|LDRB            R5, [R4,#(byte_25130 - 0x25120)]|37-124
74466|code|MOVS            R2, #1|1-34
74468|code|LDR             R3, [R4,#(dword_25134 - 0x25120)]|99-105
74470|code|ADDS.W          R0, R0, #0xFFFFFFFF|16-241-255-48
74474|code|LSL.W           R2, R2, R5|2-250-5-242
74478|code|ADC.W           R1, R1, #0xFFFFFFFF|65-241-255-49
74482|code|UMULL.W         R2, R3, R2, R3|162-251-3-35
74486|code|BL              sub_13B04|1-240-5-252
74490|code|ADDS            R0, #1|1-48
74492|code|POP             {R3-R5,PC}|56-189
74494|data|ALIGN 0x10|0-191
74496|code|PUSH.W          {R4-R11,LR}|45-233-240-79
74500|code|MOVW            R5, #0x5100|69-242-0-21
74504|code|VPUSH           {D8}|45-237-2-139
74508|code|MOVW            R4, #0x9500|73-242-0-84
74512|code|MOVT.W          R5, #2|192-242-2-5
74516|code|MOVT.W          R4, #2|192-242-2-4
74520|code|LDR             R3, [R5]|43-104
74522|code|MOV             R6, R1|14-70
74524|code|MOV             R7, R0|7-70
74526|code|LDR.W           R0, [R4,#(dword_2A1B4 - 0x29500)]|212-248-180-12
74530|code|SUB.W           SP, SP, #0x1060|173-245-131-93
74534|code|LDR.W           R2, [R4,#(dword_2A1B0 - 0x29500)]|212-248-176-44
74538|code|SUB             SP, SP, #0xC|131-176
74540|code|ADD.W           R1, SP, #0x1060|13-245-131-81
74544|code|ADDS            R2, #1|1-50
74546|code|ADDS            R1, #4|4-49
74548|code|STR.W           R2, [R4,#(dword_2A1B0 - 0x29500)]|196-248-176-44
74552|code|STR             R3, [R1]|11-96
74554|code|LSLS            R3, R0, #0x1F|195-7
74556|code|MOV.W           R1, #0|79-240-0-1
74560|code|STR             R1, [SP,#0x44]|17-145
74562|code|STR             R1, [SP,#0x48]|18-145
74564|code|BPL             loc_12370|20-213
74566|code|MOV             R1, #0x25120|69-242-32-17-192-242-2-1
74574|code|LDR             R3, [R1,#(dword_25124 - 0x25120)]|75-104
74576|code|CMP             R3, #1|1-43
74578|code|BEQ             loc_12408|89-208
74580|code|MOVW            R1, #0x3E54|67-246-84-97
74584|code|MOVS            R0, #1|1-32
74586|code|MOVT.W          R1, #1|192-242-1-1
74590|code|BLX             __printf_chk|254-247-218-238
74594|code|MOV             R3, #0x25114|69-242-20-19-192-242-2-3
74602|code|LDR             R0, [R3]|24-104
74604|code|BLX             fflush|254-247-4-238
74608|code|LDRB.W          R3, [R4,#(byte_2A1B8 - 0x29500)]|148-248-184-60
74612|code|MOV             R8, #0x29500|73-242-0-88-192-242-2-8
74620|code|CBZ             R3, loc_12398|99-177
74622|code|MOV.W           R1, #0x1000|79-244-128-81
74626|code|ADDW            R0, R8, #0xCB8|8-246-184-64
74630|code|BLX             strnlen|254-247-216-238
74634|code|ADDW            R1, R8, #0xCB8|8-246-184-65
74638|code|MOV             R2, R0|2-70
74640|code|MOV             R0, R7|56-70
74642|code|BLX             memcmp|254-247-18-238
74646|code|CBZ             R0, loc_123CC|200-177
74648|code|LDR             R3, [R6,#0x10]|51-105
74650|code|AND.W           R3, R3, #0xF000|3-244-112-67
74654|code|CMP.W           R3, #0x8000|179-245-0-79
74658|code|BEQ             loc_1241C|59-208
74660|code|LDR.W           R3, [R4,#(dword_2A1B4 - 0x29500)]|212-248-180-60
74664|code|LSLS            R0, R3, #0x1F|216-7
74666|code|BMI             loc_1246E|96-212
74668|code|ADD.W           R3, SP, #0x1060|13-245-131-83
74672|code|MOVS            R0, #0|0-32
74674|code|ADDS            R3, #4|4-51
74676|code|LDR             R2, [R3]|26-104
74678|code|LDR             R3, [R5]|43-104
74680|code|CMP             R2, R3|154-66
74682|code|BNE.W           loc_128EA|64-240-150-130
74686|code|ADD.W           SP, SP, #0x1060|13-245-131-93
74690|code|ADD             SP, SP, #0xC|3-176
74692|code|VPOP            {D8}|189-236-2-139
74696|code|POP.W           {R4-R11,PC}|189-232-240-143
74700|code|LDR.W           R3, [R8,#(dword_2A1B4 - 0x29500)]|216-248-180-60
74704|code|LSLS            R4, R3, #0x1F|220-7
74706|code|BPL             loc_123AC|235-213
74708|code|MOVW            R4, #0x5110|69-242-16-20
74712|code|MOVW            R2, #0x3E5C|67-246-92-98
74716|code|MOVT.W          R4, #2|192-242-2-4
74720|code|MOV             R3, R7|59-70
74722|code|LDR             R0, [R4]|32-104
74724|code|MOVT.W          R2, #1|192-242-1-2
74728|code|MOVS            R1, #1|1-33
74730|code|BLX             __fprintf_chk|254-247-154-238
74734|code|MOVW            R2, #0x3E64|67-246-100-98
74738|code|MOVW            R3, #0x3E6C|67-246-108-99
74742|code|LDR             R0, [R4]|32-104
74744|code|MOVT.W          R2, #1|192-242-1-2
74748|code|MOVT.W          R3, #1|192-242-1-3
74752|code|MOVS            R1, #1|1-33
74754|code|BLX             __fprintf_chk|254-247-142-238
74758|code|B               loc_123AC|209-231
74760|code|LDR             R1, [R1]|9-104
74762|code|CMP             R1, #1|1-41
74764|code|BNE             loc_12354|162-209
74766|code|MOV             R0, #0x13E4C|67-246-76-96-192-242-1-0
74774|code|BLX             puts|254-247-36-238
74778|code|B               loc_12370|169-231
74780|code|MOV             R8, #0x2A5F8|74-242-248-88-192-242-2-8
74788|code|LDR.W           R3, [R8,#(dword_2B1BC - 0x2A5F8)]|216-248-196-59
74792|code|CMP             R3, #0|0-43
74794|code|BEQ             loc_124A2|58-208
74796|code|LDR             R2, [R6,#0x18]|178-105
74798|code|CMP             R3, R2|147-66
74800|code|BEQ             loc_124A2|55-208
74802|code|LDR.W           R3, [R4,#(dword_2A1B4 - 0x29500)]|212-248-180-60
74806|code|LSLS            R1, R3, #0x1F|217-7
74808|code|BPL             loc_123AC|184-213
74810|code|MOVW            R4, #0x5110|69-242-16-20
74814|code|MOVW            R2, #0x3E5C|67-246-92-98
74818|code|MOVT.W          R4, #2|192-242-2-4
74822|code|MOV             R3, R7|59-70
74824|code|LDR             R0, [R4]|32-104
74826|code|MOVT.W          R2, #1|192-242-1-2
74830|code|MOVS            R1, #1|1-33
74832|code|BLX             __fprintf_chk|254-247-102-238
74836|code|MOVW            R2, #0x3E64|67-246-100-98
74840|code|MOVW            R3, #0x3EA8|67-246-168-99
74844|code|LDR             R0, [R4]|32-104
74846|code|MOVT.W          R2, #1|192-242-1-2
74850|code|MOVT.W          R3, #1|192-242-1-3
74854|code|MOVS            R1, #1|1-33
74856|code|BLX             __fprintf_chk|254-247-90-238
74860|code|B               loc_123AC|158-231
74862|code|MOVW            R4, #0x5110|69-242-16-20
74866|code|MOVW            R2, #0x3E5C|67-246-92-98
74870|code|MOVT.W          R4, #2|192-242-2-4
74874|code|MOV             R3, R7|59-70
74876|code|LDR             R0, [R4]|32-104
74878|code|MOVT.W          R2, #1|192-242-1-2
74882|code|MOVS            R1, #1|1-33
74884|code|BLX             __fprintf_chk|254-247-76-238
74888|code|MOVW            R2, #0x3E64|67-246-100-98
74892|code|MOVW            R3, #0x3E8C|67-246-140-99
74896|code|LDR             R0, [R4]|32-104
74898|code|MOVT.W          R2, #1|192-242-1-2
74902|code|MOVT.W          R3, #1|192-242-1-3
74906|code|MOVS            R1, #1|1-33
74908|code|BLX             __fprintf_chk|254-247-64-238
74912|code|B               loc_123AC|132-231
74914|code|LDRD.W          R2, R3, [R6,#0x30]|214-233-12-35
74918|code|ORRS            R3, R2|19-67
74920|code|BNE             loc_124E8|30-209
74922|code|LDR.W           R3, [R4,#(dword_2A1B4 - 0x29500)]|212-248-180-60
74926|code|LSLS            R2, R3, #0x1F|218-7
74928|code|BPL.W           loc_123AC|127-245-124-175
74932|code|MOVW            R4, #0x5110|69-242-16-20
74936|code|MOVW            R2, #0x3E5C|67-246-92-98
74940|code|MOVT.W          R4, #2|192-242-2-4
74944|code|MOV             R3, R7|59-70
74946|code|LDR             R0, [R4]|32-104
74948|code|MOVT.W          R2, #1|192-242-1-2
74952|code|MOVS            R1, #1|1-33
74954|code|BLX             __fprintf_chk|254-247-42-238
74958|code|MOVW            R2, #0x3E64|67-246-100-98
74962|code|MOVW            R3, #0x3EE4|67-246-228-99
74966|code|LDR             R0, [R4]|32-104
74968|code|MOVT.W          R2, #1|192-242-1-2
74972|code|MOVT.W          R3, #1|192-242-1-3
74976|code|MOVS            R1, #1|1-33
74978|code|BLX             __fprintf_chk|254-247-30-238
74982|code|B               loc_123AC|97-231
74984|code|LDRD.W          R2, R3, [R6,#0x40]|214-233-16-35
74988|code|ORRS            R3, R2|19-67
74990|code|BNE             loc_1252E|30-209
74992|code|LDR.W           R3, [R4,#(dword_2A1B4 - 0x29500)]|212-248-180-60
74996|code|LSLS            R3, R3, #0x1F|219-7
74998|code|BPL.W           loc_123AC|127-245-89-175
75002|code|MOVW            R4, #0x5110|69-242-16-20
75006|code|MOVW            R2, #0x3E5C|67-246-92-98
75010|code|MOVT.W          R4, #2|192-242-2-4
75014|code|MOV             R3, R7|59-70
75016|code|LDR             R0, [R4]|32-104
75018|code|MOVT.W          R2, #1|192-242-1-2
75022|code|MOVS            R1, #1|1-33
75024|code|BLX             __fprintf_chk|254-247-6-238
75028|code|MOVW            R2, #0x3E64|67-246-100-98
75032|code|MOVW            R3, #0x3EF4|67-246-244-99
75036|code|LDR             R0, [R4]|32-104
75038|code|MOVT.W          R2, #1|192-242-1-2
75042|code|MOVT.W          R3, #1|192-242-1-3
75046|code|MOVS            R1, #1|1-33
75048|code|BLX             __fprintf_chk|254-247-250-237
75052|code|B               loc_123AC|62-231
75054|code|MOV             R0, R7|56-70
75056|code|MOVS            R1, #0|0-33
75058|code|BLX             open64|254-247-144-237
75062|code|SUBS            R3, R0, #0|3-30
75064|code|STR             R3, [SP,#0x1C]|7-147
75066|code|BLT.W           loc_126A0|192-242-177-128
75070|code|ADD             R1, SP, #0x44 ; 'D'|17-169
75072|code|BL              sub_12088|255-247-162-253
75076|code|CMP             R0, #0|0-40
75078|code|BLT.W           loc_126EC|192-242-209-128
75082|code|LDR             R0, [SP,#0x44]|17-152
75084|code|BL              sub_11EE0|255-247-200-252
75088|code|ADD             R1, SP, #0x48 ; 'H'|18-169
75090|code|MOV             R11, R0|131-70
75092|code|ADD             R0, SP, #0x44 ; 'D'|17-168
75094|code|BL              sub_12034|255-247-109-253
75098|code|CMP             R0, #0|0-40
75100|code|BLT.W           loc_126EC|192-242-198-128
75104|code|LDR             R3, [SP,#0x48]|18-155
75106|code|MOV.W           R9, #0|79-240-0-9
75110|code|MOV             R10, R3|154-70
75112|code|LDR             R3, [R3,#4]|91-104
75114|code|ADD.W           R9, R9, #1|9-241-1-9
75118|code|CMP             R10, R3|154-69
75120|code|BNE             loc_12568|250-209
75122|code|LDR.W           R3, [R8,#(dword_2B1BC - 0x2A5F8)]|216-248-196-59
75126|code|STR.W           R10, [SP,#0x38]|205-248-56-160
75130|code|CMP             R3, #0|0-43
75132|code|BNE.W           loc_12736|64-240-219-128
75136|code|MOVS            R2, #0|0-34
75138|code|MOVS            R3, #0|0-35
75140|code|MOV             R0, R2|16-70
75142|code|MOV             R1, R3|25-70
75144|code|MOV             R2, R4|34-70
75146|code|MOV             R3, R10|83-70
75148|code|MOV             LR, R5|174-70
75150|code|LDRD.W          R4, R5, [R3,#8]|211-233-2-69
75154|code|LDR             R3, [R3,#4]|91-104
75156|code|ADDS            R0, R0, R4|0-25
75158|code|ADCS            R1, R5|105-65
75160|code|CMP             R10, R3|154-69
75162|code|BNE             loc_1258E|248-209
75164|code|STR.W           R10, [SP,#0x38]|205-248-56-160
75168|code|MOV             R4, R2|20-70
75170|code|MOV             R5, LR|117-70
75172|code|STRD.W          R0, R1, [SP,#0x28]|205-233-10-1
75176|code|BL              sub_122BC|255-247-136-254
75180|code|MOV             R2, R9|74-70
75182|code|ASRS            R3, R2, #0x1F|211-23
75184|code|MOV             R10, R0|130-70
75186|code|LDR             R0, [R6,#0x38]|176-107
75188|code|ADDW            R6, R0, #0x3FF|0-242-255-54
75192|code|BICS.W          R0, R0, R0,ASR#32|48-234-32-0
75196|code|IT CS|40-191
75198|code|MOVCS           R0, R6|48-70
75200|code|ASRS            R6, R0, #0xA|134-18
75202|code|MOV             R0, R6|48-70
75204|code|ASRS            R1, R6, #0x1F|241-23
75206|code|STRD.W          R0, R1, [SP,#0x20]|205-233-8-1
75210|code|LDR             R0, [SP,#0x24]|9-152
75212|code|LDR             R1, [SP,#0x28]|10-153
75214|code|MUL.W           LR, R1, R0|1-251-0-254
75218|code|LDR             R1, [SP,#0x2C]|11-153
75220|code|MLA.W           LR, R6, R1, LR|6-251-1-238
75224|code|LDR             R1, [SP,#0x28]|10-153
75226|code|UMULL.W         R0, R1, R1, R6|161-251-6-1
75230|code|LDR             R6, =unk_2B1C8|204-78
75232|code|ADD             R1, LR|113-68
75234|code|BL              sub_13B04|1-240-143-250
75238|code|STR.W           R10, [SP,#0x20]|205-248-32-160
75242|code|VLDR            S14, =100.0|159-237-202-122
75246|code|STRD.W          R0, R1, [SP,#0x30]|205-233-12-1
75250|code|RSB.W           R1, R10, R11|202-235-11-1
75254|code|LDRD.W          R10, R11, [SP,#0x28]|221-233-10-171
75258|code|VMOV            S16, R1|8-238-16-26
75262|code|VCVT.F32.S32    S15, S16|248-238-200-122
75266|code|MOV             R1, R11|89-70
75268|code|MOV             R0, R10|80-70
75270|code|VMUL.F32        S16, S15, S14|39-238-135-138
75274|code|BL              sub_13A40|1-240-25-250
75278|code|LDR.W           R3, [R8,#(dword_2B1C4 - 0x2A5F8)]|216-248-204-59
75282|code|LDR             R2, [SP,#0x20]|8-154
75284|code|LDR.W           R1, [R8,#(dword_2B1C0 - 0x2A5F8)]|216-248-200-27
75288|code|ADD             R3, R2|19-68
75290|code|STR.W           R3, [R8,#(dword_2B1C4 - 0x2A5F8)]|200-248-204-59
75294|code|LDRD.W          R2, R3, [R6]|214-233-0-35
75298|code|ADD             R1, R9|73-68
75300|code|STR.W           R1, [R8,#(dword_2B1C0 - 0x2A5F8)]|200-248-200-27
75304|code|ADDS.W          R10, R10, R2|26-235-2-10
75308|code|ADC.W           R11, R11, R3|75-235-3-11
75312|code|MOV             R2, R10|82-70
75314|code|MOV             R3, R11|91-70
75316|code|STRD.W          R2, R3, [R6]|198-233-0-35
75320|code|VMOV            S15, R0|7-238-144-10
75324|code|VDIV.F32        S16, S16, S15|136-238-39-138
75328|code|MOV             R6, #0x25120|69-242-32-22-192-242-2-6
75336|code|LDR             R2, [R6,#(dword_25124 - 0x25120)]|114-104
75338|code|CMP             R2, #1|1-42
75340|code|BEQ             loc_12748|124-208
75342|code|LDR.W           R1, [R4,#(dword_2A1B4 - 0x29500)]|212-248-180-28
75346|code|MOV             R3, #0x29500|73-242-0-83-192-242-2-3
75354|code|LSLS            R1, R1, #0x1F|201-7
75356|code|BMI.W           loc_12796|0-241-155-128
75360|code|LDR             R3, =unk_25148|173-75
75362|code|MOVS            R4, #0|0-36
75364|code|VLDR            S15, [R3]|211-237-0-122
75368|code|VCMPE.F32       S16, S15|180-238-231-138
75372|code|VMRS            APSR_nzcv, FPSCR|241-238-16-250
75376|code|BGE.W           loc_127E8|128-242-186-128
75380|code|ADDS            R4, #1|1-52
75382|code|ADD.W           R3, R3, #0x1000|3-245-128-83
75386|code|CMP             R4, #5|5-44
75388|code|ADD.W           R3, R3, #0x18|3-241-24-3
75392|code|BNE             loc_12664|240-209
75394|code|LDR.W           R3, [R8,#(dword_2B1D0 - 0x2A5F8)]|216-248-216-59
75398|code|ADDS            R3, #1|1-51
75400|code|STR.W           R3, [R8,#(dword_2B1D0 - 0x2A5F8)]|200-248-216-59
75404|code|LDR             R0, [SP,#0x1C]|7-152
75406|code|BLX             close|254-247-150-237
75410|code|LDR             R0, [SP,#0x44]|17-152
75412|code|BL              sub_11F38|255-247-80-252
75416|code|LDR             R0, [SP,#0x48]|18-152
75418|code|BL              sub_11F38|255-247-77-252
75422|code|B               loc_123AC|133-230
75424|code|LDR.W           R3, [R4,#(dword_2A1B4 - 0x29500)]|212-248-180-60
75428|code|LSLS            R6, R3, #0x1F|222-7
75430|code|BPL.W           loc_123AC|127-245-129-174
75434|code|MOVW            R4, #0x5110|69-242-16-20
75438|code|MOVW            R2, #0x3E5C|67-246-92-98
75442|code|MOVT.W          R4, #2|192-242-2-4
75446|code|MOV             R3, R7|59-70
75448|code|MOVT.W          R2, #1|192-242-1-2
75452|code|MOVS            R1, #1|1-33
75454|code|LDR             R0, [R4]|32-104
75456|code|BLX             __fprintf_chk|254-247-46-237
75460|code|LDR             R4, [R4]|36-104
75462|code|BLX             __errno_location|254-247-8-237
75466|code|LDR             R0, [R0]|0-104
75468|code|BLX             strerror|254-247-218-236
75472|code|MOVW            R2, #0x3F08|67-246-8-114
75476|code|MOVW            R3, #0x3F10|67-246-16-115
75480|code|MOVT.W          R2, #1|192-242-1-2
75484|code|MOVT.W          R3, #1|192-242-1-3
75488|code|MOVS            R1, #1|1-33
75490|code|STR             R0, [SP]|0-144
75492|code|MOV             R0, R4|32-70
75494|code|BLX             __fprintf_chk|254-247-28-237
75498|code|B               loc_123AC|95-230
75500|code|LDR.W           R3, [R4,#(dword_2A1B4 - 0x29500)]|212-248-180-60
75504|code|LSLS            R4, R3, #0x1F|220-7
75506|code|BPL             loc_1268C|203-213
75508|code|MOVW            R4, #0x5110|69-242-16-20
75512|code|MOVW            R2, #0x3E5C|67-246-92-98
75516|code|MOVT.W          R4, #2|192-242-2-4
75520|code|MOV             R3, R7|59-70
75522|code|MOVT.W          R2, #1|192-242-1-2
75526|code|MOVS            R1, #1|1-33
75528|code|LDR             R0, [R4]|32-104
75530|code|BLX             __fprintf_chk|254-247-10-237
75534|code|LDR             R4, [R4]|36-104
75536|code|BLX             __errno_location|254-247-226-236
75540|code|LDR             R0, [R0]|0-104
75542|code|BLX             strerror|254-247-182-236
75546|code|MOVW            R2, #0x3F08|67-246-8-114
75550|code|MOVW            R3, #0x3F20|67-246-32-115
75554|code|MOVT.W          R2, #1|192-242-1-2
75558|code|MOVT.W          R3, #1|192-242-1-3
75562|code|MOVS            R1, #1|1-33
75564|code|STR             R0, [SP]|0-144
75566|code|MOV             R0, R4|32-70
75568|code|BLX             __fprintf_chk|254-247-246-236
75572|code|B               loc_1268C|170-231
75574|code|MOVS            R3, #0|0-35
75576|code|MOVS            R2, #0|0-34
75578|code|VLDR            S16, =0.0|159-237-120-138
75582|code|STRD.W          R2, R3, [SP,#0x30]|205-233-12-35
75586|code|MOVS            R3, #0|0-35
75588|code|STR             R3, [SP,#0x20]|8-147
75590|code|B               loc_12640|123-231
75592|code|LDR.W           R11, [R6]|214-248-0-176
75596|code|CMP.W           R11, #1|187-241-1-15
75600|code|BNE.W           loc_1264E|127-244-125-175
75604|code|LDR.W           R3, [R4,#(dword_2A1B4 - 0x29500)]|212-248-180-60
75608|code|LSLS            R0, R3, #0x1F|216-7
75610|code|BPL.W           loc_12928|64-241-229-128
75614|code|LDR             R6, [SP,#0x38]|14-158
75616|code|MOVS            R4, #0|0-36
75618|code|LDRD.W          R10, R11, [R6,#0x18]|214-233-6-171
75622|code|ADDS            R4, #1|1-52
75624|code|MOVW            R1, #0x3F3C|67-246-60-113
75628|code|MOVS            R0, #1|1-32
75630|code|MOV             R2, R4|34-70
75632|code|MOVT.W          R1, #1|192-242-1-1
75636|code|STRD.W          R10, R11, [SP]|205-233-0-171
75640|code|LDRD.W          R10, R11, [R6,#0x10]|214-233-4-171
75644|code|STRD.W          R10, R11, [SP,#8]|205-233-2-171
75648|code|LDRD.W          R10, R11, [R6,#8]|214-233-2-171
75652|code|STRD.W          R10, R11, [SP,#0x10]|205-233-4-171
75656|code|BLX             __printf_chk|254-247-196-236
75660|code|LDR             R6, [R6,#4]|118-104
75662|code|LDR             R3, [SP,#0x48]|18-155
75664|code|CMP             R6, R3|158-66
75666|code|BNE             loc_12762|230-209
75668|code|B               loc_12682|117-231
75670|code|LDR.W           R1, [R3,#(dword_2A1B0 - 0x29500)]|211-248-176-28
75674|code|MOVW            R3, #0x3FE0|67-246-224-115
75678|code|STR             R2, [SP,#4]|1-146
75680|code|MOVT.W          R3, #1|192-242-1-3
75684|code|STR             R7, [SP,#8]|2-151
75686|code|ADD             R0, SP, #0x4C ; 'L'|19-168
75688|code|STR             R1, [SP]|0-145
75690|code|MOVW            R2, #0x1018|65-242-24-2
75694|code|MOVS            R1, #1|1-33
75696|code|BLX             __sprintf_chk|254-247-152-236
75700|code|LDR.W           R3, [R8,#(dword_2B1BC - 0x2A5F8)]|216-248-196-59
75704|code|ADD             R0, SP, #0x4C ; 'L'|19-168
75706|code|CMP             R3, #0|0-43
75708|code|BNE             loc_128AE|119-209
75710|code|BLX             strlen|254-247-116-236
75714|code|CMP             R0, #0x28 ; '('|40-40
75716|code|BLS.W           loc_128EE|64-242-147-128
75720|code|LDR             R3, [SP,#0x20]|8-155
75722|code|MOV             R1, #0x13FEC|67-246-236-113-192-242-1-1
75730|code|MOVS            R0, #1|1-32
75732|code|STR             R3, [SP]|0-147
75734|code|LDRD.W          R2, R3, [SP,#0x30]|221-233-12-35
75738|code|STRD.W          R2, R3, [SP,#8]|205-233-2-35
75742|code|ADD             R2, SP, #0x4C ; 'L'|19-170
75744|code|MOV             R3, R9|75-70
75746|code|BLX             __printf_chk|254-247-152-236
75750|code|B               loc_12660|59-231
75752|code|CMP             R4, #4|4-44
75754|code|LDR             R3, =unk_25138|77-75
75756|code|BEQ.W           loc_1298A|0-240-205-128
75760|code|MOV             R2, R3|26-70
75762|code|STR             R3, [SP,#0x28]|10-147
75764|code|MOVW            R3, #0x1018|65-242-24-3
75768|code|LDR.W           R10, =unk_291AC|223-248-40-161
75772|code|MLA.W           R3, R3, R4, R2|3-251-4-35
75776|code|STR             R4, [SP,#0x3C]|15-148
75778|code|MOV             R4, R10|84-70
75780|code|ADDS            R3, #0x14|20-51
75782|code|STR             R3, [SP,#0x38]|14-147
75784|code|SUB.W           R11, R4, #0x1000|164-245-128-91
75788|code|MOVW            R2, #0x1018|65-242-24-2
75792|code|SUB.W           R11, R11, #0x18|171-241-24-11
75796|code|SUB.W           R0, R4, #0x14|164-241-20-0
75800|code|MOVS            R1, #0|0-33
75802|code|BLX             memset|254-247-106-236
75806|code|MOV.W           R1, #0x1000|79-244-128-81
75810|code|MOV             R0, R11|88-70
75812|code|BLX             strnlen|254-247-136-236
75816|code|MOV             R1, R11|89-70
75818|code|MOVW            R3, #0x1001|65-242-1-3
75822|code|MOV             R2, R0|2-70
75824|code|MOV             R0, R4|32-70
75826|code|BLX             __strncpy_chk|254-247-206-235
75830|code|LDR.W           R1, [R11,#-0x14]|91-248-20-28
75834|code|LDRD.W          R2, R3, [R11,#-0xC]|91-233-3-35
75838|code|MOV             R4, R11|92-70
75840|code|LDR.W           R0, [R11,#-4]|91-248-4-12
75844|code|STR.W           R1, [R10,#-0x14]|74-248-20-28
75848|code|LDR.W           R1, [R11,#-0x10]|91-248-16-28
75852|code|STRD.W          R2, R3, [R10,#-0xC]|74-233-3-35
75856|code|LDR             R3, [SP,#0x38]|14-155
75858|code|STR.W           R1, [R10,#-0x10]|74-248-16-28
75862|code|CMP             R3, R11|91-69
75864|code|STR.W           R0, [R10,#-4]|74-248-4-12
75868|code|SUB.W           R10, R10, #0x1000|170-245-128-90
75872|code|SUB.W           R10, R10, #0x18|170-241-24-10
75876|code|BNE             loc_12808|208-209
75878|code|LDR             R4, [SP,#0x3C]|15-156
75880|code|MOVW            R2, #0x1018|65-242-24-2
75884|code|LDR             R3, [SP,#0x28]|10-155
75886|code|MUL.W           R4, R2, R4|2-251-4-244
75890|code|MOVS            R1, #0|0-33
75892|code|ADDS            R0, R3, R4|24-25
75894|code|BLX             memset|254-247-60-236
75898|code|MOV.W           R1, #0x1000|79-244-128-81
75902|code|MOV             R0, R7|56-70
75904|code|BLX             strnlen|254-247-90-236
75908|code|LDR             R3, [SP,#0x28]|10-155
75910|code|MOV             R1, R7|57-70
75912|code|MOV             R2, R0|2-70
75914|code|ADDS            R0, R3, R4|24-25
75916|code|ADDS            R0, #0x14|20-48
75918|code|MOVW            R3, #0x1001|65-242-1-3
75922|code|BLX             __strncpy_chk|254-247-158-235
75926|code|LDR             R3, [SP,#0x20]|8-155
75928|code|ADD             R4, R6|52-68
75930|code|STR             R3, [R4,#0x1C]|227-97
75932|code|LDRD.W          R2, R3, [SP,#0x30]|221-233-12-35
75936|code|STR.W           R9, [R4,#0x18]|196-248-24-144
75940|code|VSTR            S16, [R4,#0x28]|132-237-10-138
75944|code|STRD.W          R2, R3, [R4,#0x20]|196-233-8-35
75948|code|B               loc_12682|233-230
75950|code|BLX             strlen|254-247-252-235
75954|code|MOVW            R3, #0x3FC8|67-246-200-115
75958|code|CMP             R0, #0x28 ; '('|40-40
75960|code|MOV.W           R0, #1|79-240-1-0
75964|code|ITETE HI|139-191
75966|code|ADDHI           R2, SP, #0x4C ; 'L'|19-170
75968|code|ADDLS           R2, SP, #0x4C ; 'L'|19-170
75970|code|MOVHIW          R1, #0x4034|68-242-52-1
75974|code|MOVLSW          R1, #0x4050|68-242-80-1
75978|code|ITET HI|138-191
75980|code|MOVTHI.W        R3, #1|192-242-1-3
75984|code|MOVTLS.W        R3, #1|192-242-1-3
75988|code|MOVTHI.W        R1, #1|192-242-1-1
75992|code|STR             R3, [SP]|0-147
75994|code|STR             R3, [SP,#4]|1-147
75996|code|IT LS|152-191
75998|code|MOVTLS.W        R1, #1|192-242-1-1
76002|code|MOV             R3, R9|75-70
76004|code|BLX             __printf_chk|254-247-22-236
76008|code|B               loc_12660|186-230
76010|code|BLX             __stack_chk_fail|254-247-120-235
76014|code|LDR             R3, [SP,#0x20]|8-155
76016|code|MOV             R1, #0x14010|68-242-16-1-192-242-1-1
76024|code|MOVS            R0, #1|1-32
76026|code|STR             R3, [SP]|0-147
76028|code|LDRD.W          R2, R3, [SP,#0x30]|221-233-12-35
76032|code|STRD.W          R2, R3, [SP,#8]|205-233-2-35
76036|code|ADD             R2, SP, #0x4C ; 'L'|19-170
76038|code|MOV             R3, R9|75-70
76040|code|BLX             __printf_chk|254-247-4-236
76044|code|B               loc_12660|168-230
76046|data|ALIGN 0x10|0-191
76048|data|DCD unk_2B1C8|200-177-2-0
76052|data|DCFS 100.0|0-0-200-66
76056|data|DCD unk_25148|72-81-2-0
76060|data|DCFS 0.0|0-0-0-0
76064|data|DCD unk_25138|56-81-2-0
76068|data|DCD unk_291AC|172-145-2-0
76072|code|MOVW            R4, #0x3F84|67-246-132-116
76076|code|MOVW            R0, #0x3F8C|67-246-140-112
76080|code|MOVW            R1, #0x3F6C|67-246-108-113
76084|code|MOVW            R2, #0x3E4C|67-246-76-98
76088|code|MOVW            R3, #0x3F80|67-246-128-115
76092|code|MOVT.W          R0, #1|192-242-1-0
76096|code|MOVT.W          R3, #1|192-242-1-3
76100|code|STR             R0, [SP,#4]|1-144
76102|code|MOVT.W          R4, #1|192-242-1-4
76106|code|MOVT.W          R1, #1|192-242-1-1
76110|code|STR             R4, [SP]|0-148
76112|code|MOVT.W          R2, #1|192-242-1-2
76116|code|MOV             R0, R11|88-70
76118|code|BLX             __printf_chk|254-247-222-235
76122|code|LDR.W           R3, [R8,#(dword_2B1BC - 0x2A5F8)]|216-248-196-59
76126|code|MOV             R0, R7|56-70
76128|code|CBNZ            R3, loc_129AE|43-187
76130|code|BLX             strlen|254-247-162-235
76134|code|CMP             R0, #0x28 ; '('|40-40
76136|code|BLS             loc_1298E|17-217
76138|code|LDR             R3, [SP,#0x20]|8-155
76140|code|MOVW            R1, #0x43F4|68-242-244-49
76144|code|MOV             R0, R11|88-70
76146|code|MOVT.W          R1, #1|192-242-1-1
76150|code|STR             R3, [SP]|0-147
76152|code|LDRD.W          R2, R3, [SP,#0x30]|221-233-12-35
76156|code|STRD.W          R2, R3, [SP,#8]|205-233-2-35
76160|code|MOV             R2, R7|58-70
76162|code|MOV             R3, R9|75-70
76164|code|BLX             __printf_chk|254-247-198-235
76168|code|B               loc_12682|123-230
76170|code|STR             R3, [SP,#0x28]|10-147
76172|code|B               loc_12868|108-231
76174|code|LDR             R3, [SP,#0x20]|8-155
76176|code|MOVW            R1, #0x3F98|67-246-152-113
76180|code|MOV             R0, R11|88-70
76182|code|MOVT.W          R1, #1|192-242-1-1
76186|code|STR             R3, [SP]|0-147
76188|code|LDRD.W          R2, R3, [SP,#0x30]|221-233-12-35
76192|code|STRD.W          R2, R3, [SP,#8]|205-233-2-35
76196|code|MOV             R2, R7|58-70
76198|code|MOV             R3, R9|75-70
76200|code|BLX             __printf_chk|254-247-180-235
76204|code|B               loc_12682|105-230
76206|code|BLX             strlen|254-247-124-235
76210|code|MOVW            R4, #0x3FC8|67-246-200-116
76214|code|CMP             R0, #0x28 ; '('|40-40
76216|code|BLS             loc_129D6|13-217
76218|code|MOVW            R1, #0x3FB4|67-246-180-113
76222|code|MOVT.W          R4, #1|192-242-1-4
76226|code|MOV             R0, R11|88-70
76228|code|MOV             R2, R7|58-70
76230|code|MOV             R3, R9|75-70
76232|code|MOVT.W          R1, #1|192-242-1-1
76236|code|STR             R4, [SP]|0-148
76238|code|STR             R4, [SP,#4]|1-148
76240|code|BLX             __printf_chk|254-247-160-235
76244|code|B               loc_12682|85-230
76246|code|MOVW            R1, #0x3FCC|67-246-204-113
76250|code|MOVT.W          R4, #1|192-242-1-4
76254|code|MOV             R0, R11|88-70
76256|code|MOV             R2, R7|58-70
76258|code|MOV             R3, R9|75-70
76260|code|MOVT.W          R1, #1|192-242-1-1
76264|code|STR             R4, [SP]|0-148
76266|code|STR             R4, [SP,#4]|1-148
76268|code|BLX             __printf_chk|254-247-146-235
76272|code|B               loc_12682|71-230
76274|data|ALIGN 4|0-191
76276|code|PUSH.W          {R4-R11,LR}|45-233-240-79
76280|code|MOVW            R7, #0x5100|69-242-0-23
76284|code|SUB.W           SP, SP, #0x1100|173-245-136-93
76288|code|MOVW            R11, #0x9500|73-242-0-91
76292|code|SUB             SP, SP, #0xC|131-176
76294|code|MOVT.W          R7, #2|192-242-2-7
76298|code|MOVT.W          R11, #2|192-242-2-11
76302|code|LDR             R3, [R7]|59-104
76304|code|MOV             R9, R1|137-70
76306|code|ADD.W           R1, SP, #0x1100|13-245-136-81
76310|code|ADDS            R1, #4|4-49
76312|code|LDR.W           R4, [R11,#(dword_2A1B4 - 0x29500)]|219-248-180-76
76316|code|LDR.W           R2, [R11,#(dword_2A1B0 - 0x29500)]|219-248-176-44
76320|code|MOV             R8, R0|128-70
76322|code|STR             R3, [R1]|11-96
76324|code|LSLS            R1, R4, #0x1F|225-7
76326|code|MOV.W           R3, #0|79-240-0-3
76330|code|ADD.W           R2, R2, #1|2-241-1-2
76334|code|STR             R3, [SP,#0x68]|26-147
76336|code|STR.W           R2, [R11,#(dword_2A1B0 - 0x29500)]|203-248-176-44
76340|code|STR             R3, [SP,#0x6C]|27-147
76342|code|STR             R3, [SP,#0x70]|28-147
76344|code|STR             R3, [SP,#0x74]|29-147
76346|code|BMI             loc_12AD2|74-212
76348|code|LDRB.W          R3, [R11,#(byte_2A1B8 - 0x29500)]|155-248-184-60
76352|code|MOV             R4, #0x29500|73-242-0-84-192-242-2-4
76360|code|CBZ             R3, loc_12A64|99-177
76362|code|MOV.W           R1, #0x1000|79-244-128-81
76366|code|ADDW            R0, R4, #0xCB8|4-246-184-64
76370|code|BLX             strnlen|254-247-114-235
76374|code|ADDW            R1, R4, #0xCB8|4-246-184-65
76378|code|MOV             R2, R0|2-70
76380|code|MOV             R0, R8|64-70
76382|code|BLX             memcmp|254-247-172-234
76386|code|CBZ             R0, loc_12A96|192-177
76388|code|LDR.W           R3, [R9,#0x10]|217-248-16-48
76392|code|AND.W           R3, R3, #0xF000|3-244-112-67
76396|code|CMP.W           R3, #0x8000|179-245-0-79
76400|code|BEQ             loc_12AFC|68-208
76402|code|LDR.W           R3, [R11,#(dword_2A1B4 - 0x29500)]|219-248-180-60
76406|code|LSLS            R3, R3, #0x1F|219-7
76408|code|BMI             loc_12B48|102-212
76410|code|ADD.W           R3, SP, #0x1100|13-245-136-83
76414|code|MOVS            R0, #0|0-32
76416|code|ADDS            R3, #4|4-51
76418|code|LDR             R2, [R3]|26-104
76420|code|LDR             R3, [R7]|59-104
76422|code|CMP             R2, R3|154-66
76424|code|BNE.W           loc_12E74|64-240-244-129
76428|code|ADD.W           SP, SP, #0x1100|13-245-136-93
76432|code|ADD             SP, SP, #0xC|3-176
76434|code|POP.W           {R4-R11,PC}|189-232-240-143
76438|code|LDR.W           R3, [R4,#(dword_2A1B4 - 0x29500)]|212-248-180-60
76442|code|LSLS            R2, R3, #0x1F|218-7
76444|code|BPL             loc_12A7A|237-213
76446|code|MOVW            R4, #0x5110|69-242-16-20
76450|code|MOVW            R2, #0x3E5C|67-246-92-98
76454|code|MOVT.W          R4, #2|192-242-2-4
76458|code|MOV             R3, R8|67-70
76460|code|LDR             R0, [R4]|32-104
76462|code|MOVT.W          R2, #1|192-242-1-2
76466|code|MOVS            R1, #1|1-33
76468|code|BLX             __fprintf_chk|254-247-52-235
76472|code|MOVW            R2, #0x4070|68-242-112-2
76476|code|MOVW            R3, #0x3E6C|67-246-108-99
76480|code|LDR             R0, [R4]|32-104
76482|code|MOVT.W          R2, #1|192-242-1-2
76486|code|MOVT.W          R3, #1|192-242-1-3
76490|code|MOVS            R1, #1|1-33
76492|code|BLX             __fprintf_chk|254-247-40-235
76496|code|B               loc_12A7A|211-231
76498|code|MOVW            R12, #0x5120|69-242-32-28
76502|code|MOVW            R1, #0x3E54|67-246-84-97
76506|code|MOVT.W          R12, #2|192-242-2-12
76510|code|MOVT.W          R1, #1|192-242-1-1
76514|code|LDR.W           R3, [R12,#(dword_25124 - 0x25120)]|220-248-4-48
76518|code|MOVS            R0, #1|1-32
76520|code|BLX             __printf_chk|254-247-20-235
76524|code|MOV             R3, #0x25114|69-242-20-19-192-242-2-3
76532|code|LDR             R0, [R3]|24-104
76534|code|BLX             fflush|254-247-64-234
76538|code|B               loc_12A3C|159-231
76540|code|LDRD.W          R2, R3, [R9,#0x30]|217-233-12-35
76544|code|ORRS            R3, R2|19-67
76546|code|BEQ             loc_12B7C|59-208
76548|code|LDRD.W          R2, R3, [R9,#0x40]|217-233-16-35
76552|code|ORRS            R3, R2|19-67
76554|code|BNE             loc_12BBA|86-209
76556|code|LDR.W           R3, [R11,#(dword_2A1B4 - 0x29500)]|219-248-180-60
76560|code|LSLS            R5, R3, #0x1F|221-7
76562|code|BPL             loc_12A7A|178-213
76564|code|MOVW            R4, #0x5110|69-242-16-20
76568|code|MOVW            R2, #0x3E5C|67-246-92-98
76572|code|MOVT.W          R4, #2|192-242-2-4
76576|code|MOV             R3, R8|67-70
76578|code|LDR             R0, [R4]|32-104
76580|code|MOVT.W          R2, #1|192-242-1-2
76584|code|MOVS            R1, #1|1-33
76586|code|BLX             __fprintf_chk|254-247-250-234
76590|code|MOVW            R2, #0x3E64|67-246-100-98
76594|code|MOVW            R3, #0x3EF4|67-246-244-99
76598|code|LDR             R0, [R4]|32-104
76600|code|MOVT.W          R2, #1|192-242-1-2
76604|code|MOVT.W          R3, #1|192-242-1-3
76608|code|MOVS            R1, #1|1-33
76610|code|BLX             __fprintf_chk|254-247-238-234
76614|code|B               loc_12A7A|152-231
76616|code|MOVW            R4, #0x5110|69-242-16-20
76620|code|MOVW            R2, #0x3E5C|67-246-92-98
76624|code|MOVT.W          R4, #2|192-242-2-4
76628|code|MOV             R3, R8|67-70
76630|code|LDR             R0, [R4]|32-104
76632|code|MOVT.W          R2, #1|192-242-1-2
76636|code|MOVS            R1, #1|1-33
76638|code|BLX             __fprintf_chk|254-247-224-234
76642|code|MOVW            R2, #0x4070|68-242-112-2
76646|code|MOVW            R3, #0x3E8C|67-246-140-99
76650|code|LDR             R0, [R4]|32-104
76652|code|MOVT.W          R2, #1|192-242-1-2
76656|code|MOVT.W          R3, #1|192-242-1-3
76660|code|MOVS            R1, #1|1-33
76662|code|BLX             __fprintf_chk|254-247-212-234
76666|code|B               loc_12A7A|126-231
76668|code|LDR.W           R3, [R11,#(dword_2A1B4 - 0x29500)]|219-248-180-60
76672|code|LSLS            R6, R3, #0x1F|222-7
76674|code|BPL.W           loc_12A7A|127-245-122-175
76678|code|MOVW            R4, #0x5110|69-242-16-20
76682|code|MOVW            R2, #0x3E5C|67-246-92-98
76686|code|MOVT.W          R4, #2|192-242-2-4
76690|code|MOV             R3, R8|67-70
76692|code|LDR             R0, [R4]|32-104
76694|code|MOVT.W          R2, #1|192-242-1-2
76698|code|MOVS            R1, #1|1-33
76700|code|BLX             __fprintf_chk|254-247-192-234
76704|code|MOVW            R2, #0x4070|68-242-112-2
76708|code|MOVW            R3, #0x3EE4|67-246-228-99
76712|code|LDR             R0, [R4]|32-104
76714|code|MOVT.W          R2, #1|192-242-1-2
76718|code|MOVT.W          R3, #1|192-242-1-3
76722|code|MOVS            R1, #1|1-33
76724|code|BLX             __fprintf_chk|254-247-180-234
76728|code|B               loc_12A7A|95-231
76730|code|MOV             R0, R8|64-70
76732|code|MOVS            R1, #2|2-33
76734|code|BLX             open64|254-247-74-234
76738|code|SUBS            R3, R0, #0|3-30
76740|code|STR             R3, [SP,#0x20]|8-147
76742|code|BLT             loc_12C8C|97-219
76744|code|ADD             R1, SP, #0x68 ; 'h'|26-169
76746|code|BL              sub_12088|255-247-93-250
76750|code|CMP             R0, #0|0-40
76752|code|BLT.W           loc_12CD8|192-242-130-128
76756|code|LDR             R0, [SP,#0x68]|26-152
76758|code|BL              sub_11EE0|255-247-131-249
76762|code|ADD             R1, SP, #0x6C ; 'l'|27-169
76764|code|STR             R0, [SP,#0x18]|6-144
76766|code|ADD             R0, SP, #0x68 ; 'h'|26-168
76768|code|BL              sub_12034|255-247-40-250
76772|code|CMP             R0, #0|0-40
76774|code|BLT             loc_12CD8|119-219
76776|code|LDR             R2, [SP,#0x6C]|27-154
76778|code|MOVS            R3, #0|0-35
76780|code|MOV             R1, R3|25-70
76782|code|MOV             R3, R2|19-70
76784|code|LDR             R3, [R3,#4]|91-104
76786|code|ADDS            R1, #1|1-49
76788|code|CMP             R2, R3|154-66
76790|code|BNE             loc_12BF0|251-209
76792|code|MOVS            R4, #0|0-36
76794|code|MOVS            R5, #0|0-37
76796|code|MOV             R3, R2|19-70
76798|code|STR             R1, [SP,#0x40]|16-145
76800|code|LDRD.W          R0, R1, [R3,#8]|211-233-2-1
76804|code|LDR             R3, [R3,#4]|91-104
76806|code|ADDS            R4, R4, R0|36-24
76808|code|ADCS            R5, R1|77-65
76810|code|CMP             R2, R3|154-66
76812|code|BNE             loc_12C00|248-209
76814|code|LDR             R0, [SP,#0x20]|8-152
76816|code|ADD             R1, SP, #0xA0|40-169
76818|code|MOVS            R3, #0|0-35
76820|code|MOVS            R6, #1|1-38
76822|code|STR             R3, [SP,#0x7C]|31-147
76824|code|STRH.W          R3, [SP,#0x7A]|173-248-122-48
76828|code|STR             R3, [SP,#0x80]|32-147
76830|code|STRH.W          R6, [SP,#0x78]|173-248-120-96
76834|code|BLX             fstatfs64|254-247-128-233
76838|code|CMP             R0, #0|0-40
76840|code|BLT.W           loc_12DDC|192-242-216-128
76844|code|MOV             R3, #0x2A5F8|74-242-248-83-192-242-2-3
76852|code|STR             R3, [SP,#0x4C]|19-147
76854|code|LDR.W           R1, [R3,#(dword_2B1BC - 0x2A5F8)]|211-248-196-27
76858|code|CMP             R1, #0|0-41
76860|code|BNE.W           loc_12D6A|64-240-149-128
76864|code|LDRD.W          R2, R3, [SP,#0xB0]|221-233-44-35
76868|code|CMP             R3, R5|171-66
76870|code|IT EQ|8-191
76872|code|CMPEQ           R2, R4|162-66
76874|code|BCC.W           loc_135C6|192-240-188-132
76878|code|LDR             R0, [SP,#0x20]|8-152
76880|code|MOVS            R1, #5|5-33
76882|code|ADD             R2, SP, #0x78 ; 'x'|30-170
76884|code|BLX             fcntl|254-247-58-234
76888|code|CMP             R0, #0|0-40
76890|code|BLT.W           loc_12E28|192-242-229-128
76894|code|LDRSH.W         R3, [SP,#0x78]|189-249-120-48
76898|code|CMP             R3, #2|2-43
76900|code|BEQ.W           loc_12EAC|0-240-34-129
76904|code|LDR.W           R3, [R11,#(dword_2A1B4 - 0x29500)]|219-248-180-60
76908|code|LSLS            R5, R3, #0x1F|221-7
76910|code|BMI.W           loc_12E78|0-241-3-129
76914|code|LDR             R0, [SP,#0x20]|8-152
76916|code|BLX             close|254-247-162-234
76920|code|LDR             R0, [SP,#0x68]|26-152
76922|code|BL              sub_11F38|255-247-93-249
76926|code|LDR             R0, [SP,#0x6C]|27-152
76928|code|BL              sub_11F38|255-247-90-249
76932|code|LDR             R0, [SP,#0x70]|28-152
76934|code|BL              sub_11F38|255-247-87-249
76938|code|B               loc_12A7A|246-230
76940|code|LDR.W           R3, [R11,#(dword_2A1B4 - 0x29500)]|219-248-180-60
76944|code|LSLS            R4, R3, #0x1F|220-7
76946|code|BPL.W           loc_12A7A|127-245-242-174
76950|code|MOVW            R4, #0x5110|69-242-16-20
76954|code|MOVW            R2, #0x3E5C|67-246-92-98
76958|code|MOVT.W          R4, #2|192-242-2-4
76962|code|MOV             R3, R8|67-70
76964|code|MOVT.W          R2, #1|192-242-1-2
76968|code|MOVS            R1, #1|1-33
76970|code|LDR             R0, [R4]|32-104
76972|code|BLX             __fprintf_chk|254-247-56-234
76976|code|LDR             R4, [R4]|36-104
76978|code|BLX             __errno_location|254-247-18-234
76982|code|LDR             R0, [R0]|0-104
76984|code|BLX             strerror|254-247-228-233
76988|code|MOVW            R2, #0x4080|68-242-128-2
76992|code|MOVW            R3, #0x3F10|67-246-16-115
76996|code|MOVT.W          R2, #1|192-242-1-2
77000|code|MOVT.W          R3, #1|192-242-1-3
77004|code|MOVS            R1, #1|1-33
77006|code|STR             R0, [SP]|0-144
77008|code|MOV             R0, R4|32-70
77010|code|BLX             __fprintf_chk|254-247-38-234
77014|code|B               loc_12A7A|208-230
77016|code|LDR.W           R3, [R11,#(dword_2A1B4 - 0x29500)]|219-248-180-60
77020|code|LSLS            R0, R3, #0x1F|216-7
77022|code|BMI             loc_12D26|34-212
77024|code|MOVS            R6, #0|0-38
77026|code|LDR             R0, [SP,#0x20]|8-152
77028|code|BLX             close|254-247-106-234
77032|code|LDR             R0, [SP,#0x68]|26-152
77034|code|BL              sub_11F38|255-247-37-249
77038|code|LDR             R0, [SP,#0x6C]|27-152
77040|code|BL              sub_11F38|255-247-34-249
77044|code|LDR             R0, [SP,#0x70]|28-152
77046|code|BL              sub_11F38|255-247-31-249
77050|code|CMP             R6, #0|0-46
77052|code|BEQ.W           loc_12A7A|63-244-189-174
77056|code|LDR             R4, [R6,#4]|116-104
77058|code|CMP             R6, R4|166-66
77060|code|BEQ             loc_12D1E|11-208
77062|code|MOV             R3, R4|35-70
77064|code|LDR             R2, [R6]|50-104
77066|code|MOV             R0, R6|48-70
77068|code|STR             R3, [R2,#4]|83-96
77070|code|LDR             R4, [R6,#4]|116-104
77072|code|STR             R2, [R4]|34-96
77074|code|MOV             R6, R4|38-70
77076|code|BLX             free|254-247-68-233
77080|code|LDR             R3, [R4,#4]|99-104
77082|code|CMP             R3, R4|163-66
77084|code|BNE             loc_12D08|244-209
77086|code|MOV             R0, R4|32-70
77088|code|BLX             free|254-247-62-233
77092|code|B               loc_12A7A|169-230
77094|code|MOVW            R4, #0x5110|69-242-16-20
77098|code|MOVW            R2, #0x3E5C|67-246-92-98
77102|code|MOVT.W          R4, #2|192-242-2-4
77106|code|MOV             R3, R8|67-70
77108|code|LDR             R0, [R4]|32-104
77110|code|MOVT.W          R2, #1|192-242-1-2
77114|code|MOVS            R1, #1|1-33
77116|code|MOVS            R6, #0|0-38
77118|code|BLX             __fprintf_chk|254-247-240-233
77122|code|LDR             R4, [R4]|36-104
77124|code|BLX             __errno_location|254-247-200-233
77128|code|LDR             R0, [R0]|0-104
77130|code|BLX             strerror|254-247-156-233
77134|code|MOVW            R2, #0x4080|68-242-128-2
77138|code|MOVW            R3, #0x3F20|67-246-32-115
77142|code|MOVT.W          R2, #1|192-242-1-2
77146|code|MOVT.W          R3, #1|192-242-1-3
77150|code|MOVS            R1, #1|1-33
77152|code|STR             R0, [SP]|0-144
77154|code|MOV             R0, R4|32-70
77156|code|BLX             __fprintf_chk|254-247-220-233
77160|code|B               loc_12CE2|187-231
77162|code|LDRD.W          R2, R3, [SP,#0xB8]|221-233-46-35
77166|code|CMP             R3, R5|171-66
77168|code|IT EQ|8-191
77170|code|CMPEQ           R2, R4|162-66
77172|code|BCC.W           loc_135C6|192-240-39-132
77176|code|LDR.W           R3, [R9,#0x18]|217-248-24-48
77180|code|CMP             R3, R1|139-66
77182|code|BEQ.W           loc_12C4E|63-244-102-175
77186|code|LDR.W           R2, [R11,#(dword_2A1B4 - 0x29500)]|219-248-180-44
77190|code|MOV             R3, #0x29500|73-242-0-83-192-242-2-3
77198|code|LSLS            R2, R2, #0x1F|210-7
77200|code|BPL.W           loc_12C72|127-245-111-175
77204|code|LDR             R2, [SP,#0x40]|16-154
77206|code|MOV             R4, #0x25120|69-242-32-20-192-242-2-4
77214|code|MOVW            R1, #0x40B8|68-242-184-1
77218|code|STR.W           R8, [SP]|205-248-0-128
77222|code|MOVT.W          R1, #1|192-242-1-1
77226|code|STR             R2, [SP,#4]|1-146
77228|code|MOV             R0, R6|48-70
77230|code|STR             R2, [SP,#8]|2-146
77232|code|LDR.W           R2, [R3,#(dword_2A1B0 - 0x29500)]|211-248-176-44
77236|code|LDR             R3, [R4,#(dword_25124 - 0x25120)]|99-104
77238|code|BLX             __printf_chk|254-247-174-233
77242|code|MOV             R0, #0x25110|69-242-16-16-192-242-2-0
77250|code|MOVW            R2, #0x4070|68-242-112-2
77254|code|MOVW            R3, #0x3EA8|67-246-168-99
77258|code|MOV             R1, R6|49-70
77260|code|MOVT.W          R2, #1|192-242-1-2
77264|code|MOVT.W          R3, #1|192-242-1-3
77268|code|LDR             R0, [R0]|0-104
77270|code|BLX             __fprintf_chk|254-247-164-233
77274|code|B               loc_12C72|74-231
77276|code|LDR.W           R3, [R11,#(dword_2A1B4 - 0x29500)]|219-248-180-60
77280|code|LSLS            R1, R3, #0x1F|217-7
77282|code|BPL.W           loc_12C72|127-245-70-175
77286|code|MOVW            R4, #0x5110|69-242-16-20
77290|code|MOVW            R2, #0x3E5C|67-246-92-98
77294|code|MOVT.W          R4, #2|192-242-2-4
77298|code|MOV             R3, R8|67-70
77300|code|MOV             R1, R6|49-70
77302|code|MOVT.W          R2, #1|192-242-1-2
77306|code|LDR             R0, [R4]|32-104
77308|code|BLX             __fprintf_chk|254-247-144-233
77312|code|LDR             R4, [R4]|36-104
77314|code|BLX             __errno_location|254-247-106-233
77318|code|LDR             R0, [R0]|0-104
77320|code|BLX             strerror|254-247-60-233
77324|code|MOVW            R2, #0x4080|68-242-128-2
77328|code|MOVW            R3, #0x4090|68-242-144-3
77332|code|MOV             R1, R6|49-70
77334|code|MOVT.W          R2, #1|192-242-1-2
77338|code|MOVT.W          R3, #1|192-242-1-3
77342|code|STR             R0, [SP]|0-144
77344|code|MOV             R0, R4|32-70
77346|code|BLX             __fprintf_chk|254-247-126-233
77350|code|B               loc_12C72|36-231
77352|code|LDR.W           R3, [R11,#(dword_2A1B4 - 0x29500)]|219-248-180-60
77356|code|LSLS            R6, R3, #0x1F|222-7
77358|code|BPL.W           loc_12C72|127-245-32-175
77362|code|MOVW            R4, #0x5110|69-242-16-20
77366|code|MOVW            R2, #0x3E5C|67-246-92-98
77370|code|MOVT.W          R4, #2|192-242-2-4
77374|code|MOV             R3, R8|67-70
77376|code|MOVT.W          R2, #1|192-242-1-2
77380|code|MOVS            R1, #1|1-33
77382|code|LDR             R0, [R4]|32-104
77384|code|BLX             __fprintf_chk|254-247-106-233
77388|code|LDR             R4, [R4]|36-104
77390|code|BLX             __errno_location|254-247-68-233
77394|code|LDR             R0, [R0]|0-104
77396|code|BLX             strerror|254-247-22-233
77400|code|MOVW            R2, #0x4080|68-242-128-2
77404|code|MOVW            R3, #0x411C|68-242-28-19
77408|code|MOVT.W          R2, #1|192-242-1-2
77412|code|MOVT.W          R3, #1|192-242-1-3
77416|code|MOVS            R1, #1|1-33
77418|code|STR             R0, [SP]|0-144
77420|code|MOV             R0, R4|32-70
77422|code|BLX             __fprintf_chk|254-247-88-233
77426|code|B               loc_12C72|254-230
77428|code|BLX             __stack_chk_fail|254-247-178-232
77432|code|MOVW            R4, #0x5110|69-242-16-20
77436|code|MOVW            R2, #0x3E5C|67-246-92-98
77440|code|MOVT.W          R4, #2|192-242-2-4
77444|code|MOV             R3, R8|67-70
77446|code|LDR             R0, [R4]|32-104
77448|code|MOVT.W          R2, #1|192-242-1-2
77452|code|MOVS            R1, #1|1-33
77454|code|BLX             __fprintf_chk|254-247-72-233
77458|code|MOVW            R2, #0x4070|68-242-112-2
77462|code|MOVW            R3, #0x413C|68-242-60-19
77466|code|LDR             R0, [R4]|32-104
77468|code|MOVT.W          R2, #1|192-242-1-2
77472|code|MOVT.W          R3, #1|192-242-1-3
77476|code|MOVS            R1, #1|1-33
77478|code|BLX             __fprintf_chk|254-247-60-233
77482|code|B               loc_12C72|226-230
77484|code|LDR             R0, [SP,#0x20]|8-152
77486|code|BLX             fsync|254-247-82-232
77490|code|CMP             R0, #0|0-40
77492|code|BLT             loc_12FB4|126-219
77494|code|LDR             R3, [SP,#0x4C]|19-155
77496|code|LDR.W           R3, [R3,#0xBC4]|211-248-196-59
77500|code|CMP             R3, #0|0-43
77502|code|BNE             loc_12FAE|118-209
77504|code|MOV             R0, R4|32-70
77506|code|MOV             R1, R5|41-70
77508|code|BL              sub_122BC|255-247-250-249
77512|code|STR             R0, [SP,#0x24]|9-144
77514|code|LDR             R3, [SP,#0x24]|9-155
77516|code|LDR             R2, [SP,#0x40]|16-154
77518|code|CMP             R3, R2|147-66
77520|code|BLT.W           loc_1340C|192-242-156-130
77524|code|MOVS            R6, #0|0-38
77526|code|MOVW            R12, #0x5120|69-242-32-28
77530|code|MOV             R4, R6|52-70
77532|code|MOVT.W          R12, #2|192-242-2-12
77536|code|MOV.W           R3, #0xFFFFFFFF|79-240-255-51
77540|code|STR             R3, [SP,#0x44]|17-147
77542|code|LDR.W           R3, [R11,#(dword_2A1B4 - 0x29500)]|219-248-180-60
77546|code|LSLS            R5, R3, #0x1F|221-7
77548|code|BPL             loc_12F12|17-213
77550|code|LDR             R3, [SP,#0x40]|16-155
77552|code|LDR             R1, [SP,#0x40]|16-153
77554|code|CMP             R3, #1|1-43
77556|code|ITTTT NE|31-191
77558|code|LDRNE           R2, [SP,#0x4C]|19-154
77560|code|MOVNE           R3, R2|19-70
77562|code|LDRNE.W         R3, [R3,#0xBDC]|211-248-220-59
77566|code|ADDNE           R3, #1|1-51
77568|code|IT NE|24-191
77570|code|STRNE.W         R3, [R2,#0xBDC]|194-248-220-59
77574|code|LDR             R2, [SP,#0x4C]|19-154
77576|code|LDR.W           R3, [R2,#0xBC8]|210-248-200-59
77580|code|ADD             R3, R1|11-68
77582|code|STR.W           R3, [R2,#0xBC8]|194-248-200-59
77586|code|LDR             R3, [SP,#0x24]|9-155
77588|code|LDR             R2, [SP,#0x40]|16-154
77590|code|CMP             R3, R2|147-66
77592|code|LDR             R3, [SP,#0x18]|6-155
77594|code|ITE LT|180-191
77596|code|MOVLT.W         R10, #0|79-240-0-10
77600|code|MOVGE.W         R10, #1|79-240-1-10
77604|code|CMP             R3, R4|163-66
77606|code|ITE GT|204-191
77608|code|MOVGT           R4, R10|84-70
77610|code|ORRLE.W         R4, R10, #1|74-240-1-4
77614|code|CMP             R4, #0|0-44
77616|code|BEQ             loc_13002|103-208
77618|code|MOVW            R1, #0x41BC|68-242-188-17
77622|code|STR.W           R8, [SP]|205-248-0-128
77626|code|MOVS            R2, #0x64 ; 'd'|100-34
77628|code|LDR.W           R3, [R12,#4]|220-248-4-48
77632|code|MOVT.W          R1, #1|192-242-1-1
77636|code|STR             R2, [SP,#4]|1-146
77638|code|MOVS            R0, #1|1-32
77640|code|LDR.W           R2, [R11,#(dword_2A1B0 - 0x29500)]|219-248-176-44
77644|code|BLX             __printf_chk|254-247-226-232
77648|code|LDR.W           R3, [R11,#(dword_2A1B4 - 0x29500)]|219-248-180-60
77652|code|LSLS            R4, R3, #0x1F|220-7
77654|code|BMI.W           loc_134F4|0-241-205-130
77658|code|MOV             R0, #0x141EC|68-242-236-16-192-242-1-0
77666|code|BLX             puts|254-247-126-232
77670|code|LDR             R1, [SP,#0x4C]|19-153
77672|code|MOV             R3, #0x2A5F8|74-242-248-83-192-242-2-3
77680|code|LDR.W           R2, [R1,#0xBD8]|209-248-216-43
77684|code|ADDS            R2, #1|1-50
77686|code|STR.W           R2, [R1,#0xBD8]|193-248-216-43
77690|code|LDR             R2, [SP,#0x40]|16-154
77692|code|LDR             R1, [SP,#0x40]|16-153
77694|code|CMP             R2, #1|1-42
77696|code|ITTT NE|30-191
77698|code|LDRNE.W         R2, [R3,#(dword_2B1D8 - 0x2A5F8)]|211-248-224-43
77702|code|ADDNE           R2, #1|1-50
77704|code|STRNE.W         R2, [R3,#(dword_2B1D8 - 0x2A5F8)]|195-248-224-43
77708|code|LDR             R2, [SP,#0x4C]|19-154
77710|code|LDR.W           R3, [R2,#0xBCC]|210-248-204-59
77714|code|ADD             R3, R1|11-68
77716|code|STR.W           R3, [R2,#0xBCC]|194-248-204-59
77720|code|LDR             R0, [SP,#0x20]|8-152
77722|code|BLX             close|254-247-16-233
77726|code|LDR             R3, [SP,#0x44]|17-155
77728|code|ADDS            R3, #1|1-51
77730|code|BEQ.W           loc_12CE8|63-244-161-174
77734|code|LDR             R0, [SP,#0x44]|17-152
77736|code|BLX             close|254-247-8-233
77740|code|B               loc_12CE8|156-230
77742|code|MOVS            R3, #1|1-35
77744|code|STR             R3, [SP,#0x24]|9-147
77746|code|B               loc_12ECA|138-231
77748|code|LDR.W           R3, [R11,#(dword_2A1B4 - 0x29500)]|219-248-180-60
77752|code|LSLS            R4, R3, #0x1F|220-7
77754|code|BPL.W           loc_12CE0|127-245-145-174
77758|code|MOVW            R4, #0x5110|69-242-16-20
77762|code|MOVW            R2, #0x3E5C|67-246-92-98
77766|code|MOVT.W          R4, #2|192-242-2-4
77770|code|MOV             R3, R8|67-70
77772|code|MOVT.W          R2, #1|192-242-1-2
77776|code|MOVS            R1, #1|1-33
77778|code|LDR             R0, [R4]|32-104
77780|code|MOVS            R6, #0|0-38
77782|code|BLX             __fprintf_chk|254-247-164-232
77786|code|LDR             R4, [R4]|36-104
77788|code|BLX             __errno_location|254-247-124-232
77792|code|LDR             R0, [R0]|0-104
77794|code|BLX             strerror|254-247-80-232
77798|code|MOVW            R2, #0x4080|68-242-128-2
77802|code|MOVW            R3, #0x4154|68-242-84-19
77806|code|MOVT.W          R2, #1|192-242-1-2
77810|code|MOVT.W          R3, #1|192-242-1-3
77814|code|MOVS            R1, #1|1-33
77816|code|STR             R0, [SP]|0-144
77818|code|MOV             R0, R4|32-70
77820|code|BLX             __fprintf_chk|254-247-144-232
77824|code|B               loc_12CE2|111-230
77826|code|LDR             R3, [SP,#0x74]|29-155
77828|code|MOV             R1, R4|33-70
77830|code|MOVS            R2, #0x28 ; '('|40-34
77832|code|ADD             R0, SP, #0x78 ; 'x'|30-168
77834|code|STR.W           R12, [SP,#0x18]|205-248-24-192
77838|code|STR             R3, [SP,#0x5C]|23-147
77840|code|BLX             memset|254-247-110-232
77844|code|MOVW            R2, #0x5114|69-242-20-18
77848|code|LDR.W           R12, [SP,#0x18]|221-248-24-192
77852|code|MOV             R5, R2|21-70
77854|code|STR             R4, [SP,#4]|1-148
77856|code|MOV             R4, R5|44-70
77858|code|LDR             R5, [SP,#0x44]|17-157
77860|code|MOVW            R1, #0x41BC|68-242-188-17
77864|code|STR.W           R8, [SP]|205-248-0-128
77868|code|MOVT.W          R1, #1|192-242-1-1
77872|code|LDR.W           R3, [R12,#4]|220-248-4-48
77876|code|LDR.W           R2, [R11,#(dword_2A1B0 - 0x29500)]|219-248-176-44
77880|code|MOVT.W          R4, #2|192-242-2-4
77884|code|MOVS            R0, #1|1-32
77886|code|STR             R4, [SP,#0x58]|22-148
77888|code|STR             R5, [SP,#0x7C]|31-149
77890|code|BLX             __printf_chk|254-247-104-232
77894|code|LDR             R0, [R4]|32-104
77896|code|BLX             fflush|253-247-150-239
77900|code|LDR             R3, [SP,#0x5C]|23-155
77902|code|LDR.W           R12, [SP,#0x18]|221-248-24-192
77906|code|STR.W           R11, [SP,#0x24]|205-248-36-176
77910|code|MOV             R11, R9|203-70
77912|code|MOV             R10, R3|154-70
77914|code|STR             R6, [SP,#0x50]|20-150
77916|code|STR.W           R8, [SP,#0x64]|205-248-100-128
77920|code|STR.W           R12, [SP,#0x48]|205-248-72-192
77924|code|STR             R7, [SP,#0x54]|21-151
77926|code|LDR.W           R4, [R10,#0x10]|218-248-16-64
77930|code|MOVS            R0, #0x1E|30-32
77932|code|LDR.W           R5, [R10,#0x14]|218-248-20-80
77936|code|MOVS            R2, #0|0-34
77938|code|MOVS            R3, #0|0-35
77940|code|STR             R4, [SP,#0x80]|32-148
77942|code|STR             R5, [SP,#0x84]|33-149
77944|code|STR             R4, [SP,#0x88]|34-148
77946|code|STR             R5, [SP,#0x8C]|35-149
77948|code|LDR.W           R6, [R10,#8]|218-248-8-96
77952|code|LDR.W           R7, [R10,#0xC]|218-248-12-112
77956|code|STRD.W          R2, R3, [SP,#0x98]|205-233-38-35
77960|code|STR             R6, [SP,#0x90]|36-150
77962|code|STR             R7, [SP,#0x94]|37-151
77964|code|BLX             sysconf|253-247-172-239
77968|code|SUBS.W          R9, R0, #0|176-241-0-9
77972|code|BLT.W           loc_134EA|192-242-41-130
77976|code|LDR             R3, [SP,#0x48]|18-155
77978|code|MOV             R2, R9|74-70
77980|code|LDR.W           R8, [R3,#8]|211-248-8-128
77984|code|ASRS            R3, R2, #0x1F|211-23
77986|code|STRD.W          R2, R3, [SP,#0x18]|205-233-6-35
77990|code|MOV             R0, R8|64-70
77992|code|ASRS            R1, R0, #0x1F|193-23
77994|code|STRD.W          R0, R1, [SP,#0x30]|205-233-12-1
77998|code|LDR             R0, [SP,#0x34]|13-152
78000|code|MUL.W           R1, R4, R1|4-251-1-241
78004|code|MLA.W           R1, R8, R5, R1|8-251-5-17
78008|code|UMULL.W         R4, R5, R4, R8|164-251-8-69
78012|code|MUL.W           LR, R8, R7|8-251-7-254
78016|code|ADD             R5, R1|13-68
78018|code|MLA.W           LR, R6, R0, LR|6-251-0-238
78022|code|UMULL.W         R0, R1, R8, R6|168-251-6-1
78026|code|MOV             R7, R1|15-70
78028|code|MOV             R6, R0|6-70
78030|code|STRD.W          R6, R7, [SP,#0x28]|205-233-10-103
78034|code|MOV             R6, R7|62-70
78036|code|ADD             R6, LR|118-68
78038|code|STR             R6, [SP,#0x2C]|11-150
78040|code|LDRD.W          R6, R7, [SP,#0x28]|221-233-10-103
78044|code|MOV             R0, R4|32-70
78046|code|MOV             R1, R5|41-70
78048|code|ADDS            R6, R6, R4|54-25
78050|code|ADCS            R7, R5|111-65
78052|code|BL              sub_13ACC|0-240-242-252
78056|code|LDR             R3, [SP,#0x1C]|7-155
78058|code|MOVS            R2, #1|1-34
78060|code|UMULL.W         R4, R5, R9, R0|169-251-0-69
78064|code|MUL.W           R1, R9, R1|9-251-1-241
78068|code|SUBS            R6, R6, R4|54-27
78070|code|MLA.W           R1, R0, R3, R1|0-251-3-17
78074|code|LDR             R3, [SP,#0x20]|8-155
78076|code|STR             R4, [SP,#4]|1-148
78078|code|MOV.W           R0, #0|79-240-0-0
78082|code|STR             R3, [SP]|0-147
78084|code|ADD             R5, R1|13-68
78086|code|MOV             R3, R2|19-70
78088|code|MOV             R1, R6|49-70
78090|code|SBC.W           R7, R7, R5|103-235-5-7
78094|code|STRD.W          R6, R7, [SP,#0x38]|205-233-14-103
78098|code|BLX             mmap|253-247-208-239
78102|code|MOV             R4, R0|4-70
78104|code|ADDS            R0, #1|1-48
78106|code|BEQ.W           loc_134EA|0-240-230-129
78110|code|LDRD.W          R2, R3, [SP,#0x18]|221-233-6-35
78114|code|STRD.W          R6, R7, [SP,#0x38]|205-233-14-103
78118|code|ADDS            R6, R6, R2|182-24
78120|code|ADCS            R7, R3|95-65
78122|code|ADDS.W          R0, R6, #0xFFFFFFFF|22-241-255-48
78126|code|ADC.W           R1, R7, #0xFFFFFFFF|71-241-255-49
78130|code|BL              sub_13ACC|0-240-203-252
78134|code|STRD.W          R0, R1, [SP,#0x18]|205-233-6-1
78138|code|MOVS            R1, #1|1-33
78140|code|BLX             calloc|253-247-248-238
78144|code|MOV             R3, R0|3-70
78146|code|STR             R0, [SP,#0x28]|10-144
78148|code|CMP             R0, #0|0-40
78150|code|BEQ.W           loc_134EA|0-240-208-129
78154|code|MOV             R0, R4|32-70
78156|code|LDR             R1, [SP,#0x38]|14-153
78158|code|MOV             R2, R3|26-70
78160|code|BLX             mincore|254-247-22-232
78164|code|ADDS            R0, #1|1-48
78166|code|BEQ.W           loc_1333A|0-240-240-128
78170|code|MOV             R0, R4|32-70
78172|code|LDR             R1, [SP,#0x38]|14-153
78174|code|BLX             munmap|253-247-254-239
78178|code|ADDS            R0, #1|1-48
78180|code|BEQ.W           loc_1333A|0-240-233-128
78184|code|MOVW            R1, #0x660F|70-242-15-97
78188|code|ADD             R2, SP, #0x78 ; 'x'|30-170
78190|code|MOVT.W          R1, #0xC028|204-242-40-1
78194|code|LDR             R0, [SP,#0x20]|8-152
78196|code|BLX             ioctl|253-247-92-239
78200|code|LDR             R4, [SP,#0x80]|32-156
78202|code|LDR             R5, [SP,#0x84]|33-157
78204|code|STR             R0, [SP,#0x60]|24-144
78206|code|MOVS            R0, #0x1E|30-32
78208|code|BLX             sysconf|253-247-50-239
78212|code|SUBS.W          R12, R0, #0|176-241-0-12
78216|code|BLE.W           loc_1351E|64-243-201-129
78220|code|LDR             R3, [SP,#0x34]|13-155
78222|code|MOV             R6, R12|102-70
78224|code|MUL.W           R5, R8, R5|8-251-5-245
78228|code|ASRS            R7, R6, #0x1F|247-23
78230|code|MLA.W           R5, R4, R3, R5|4-251-3-85
78234|code|MOV             R2, R12|98-70
78236|code|UMULL.W         R0, R1, R8, R4|168-251-4-1
78240|code|MOV             R3, R7|59-70
78242|code|STR.W           R12, [SP,#0x38]|205-248-56-192
78246|code|ADD             R1, R5|41-68
78248|code|BL              sub_13ACC|0-240-144-252
78252|code|LDR.W           R12, [SP,#0x38]|221-248-56-192
78256|code|LDRD.W          R8, R9, [SP,#0x18]|221-233-6-137
78260|code|MOV.W           R9, #0|79-240-0-9
78264|code|MOVS            R2, #7|7-34
78266|code|STR             R2, [SP,#8]|2-146
78268|code|MUL.W           R3, R12, R1|12-251-1-243
78272|code|MOV             R4, R0|4-70
78274|code|MUL.W           R1, R12, R9|12-251-9-241
78278|code|UMULL.W         R4, R5, R12, R4|172-251-4-69
78282|code|MLA.W           R1, R8, R7, R1|8-251-7-17
78286|code|UMULL.W         R8, R9, R12, R8|172-251-8-137
78290|code|MOV             R2, R4|34-70
78292|code|MLA.W           R3, R0, R7, R3|0-251-7-51
78296|code|ADD             R9, R1|137-68
78298|code|LDR             R0, [SP,#0x20]|8-152
78300|code|ADD             R5, R3|29-68
78302|code|STRD.W          R8, R9, [SP]|205-233-0-137
78306|code|MOV             R3, R5|43-70
78308|code|BLX             sync_file_range|253-247-18-239
78312|code|CMP             R0, #0|0-40
78314|code|BLT.W           loc_1351E|192-242-152-129
78318|code|LDR             R3, [SP,#0x18]|6-155
78320|code|CBZ             R3, loc_13250|115-179
78322|code|LDR             R3, [SP,#0x18]|6-155
78324|code|LDR             R2, [SP,#0x28]|10-154
78326|code|ADD.W           R12, R3, #0xFFFFFFFF|3-241-255-60
78330|code|MOVS            R3, #1|1-35
78332|code|ADD.W           R8, R2, #0xFFFFFFFF|2-241-255-56
78336|code|ADD.W           R9, R2, R12|2-235-12-9
78340|code|STR             R3, [SP,#0x18]|6-147
78342|code|B               loc_13210|3-224
78344|code|ADDS            R4, R4, R6|164-25
78346|code|ADCS            R5, R7|125-65
78348|code|CMP             R8, R9|200-69
78350|code|BEQ             loc_13250|31-208
78352|code|LDRB.W          R3, [R8,#1]!|24-248-1-63
78356|code|LSLS            R1, R3, #0x1F|217-7
78358|code|BPL             loc_13208|247-213
78360|code|MOVS            R3, #4|4-35
78362|code|STRD.W          R6, R7, [SP]|205-233-0-103
78366|code|STR             R3, [SP,#8]|2-147
78368|code|MOV             R2, R4|34-70
78370|code|LDR             R0, [SP,#0x20]|8-152
78372|code|MOV             R3, R5|43-70
78374|code|BLX             posix_fadvise64|253-247-162-238
78378|code|CMP             R0, #0|0-40
78380|code|BGE             loc_13208|236-218
78382|code|LDR             R3, [SP,#0x24]|9-155
78384|code|LDR.W           R3, [R3,#0xCB4]|211-248-180-60
78388|code|LSLS            R2, R3, #0x1F|218-7
78390|code|BPL             loc_13208|231-213
78392|code|LDR             R3, [SP,#0x18]|6-155
78394|code|CMP             R3, #0|0-43
78396|code|BEQ             loc_13208|228-208
78398|code|MOVW            R0, #0x4214|68-242-20-32
78402|code|MOVS            R3, #0|0-35
78404|code|MOVT.W          R0, #1|192-242-1-0
78408|code|STR             R3, [SP,#0x18]|6-147
78410|code|BLX             perror|253-247-236-238
78414|code|B               loc_13208|219-231
78416|code|LDR             R0, [SP,#0x28]|10-152
78418|code|BLX             free|253-247-166-238
78422|code|LDR             R3, [SP,#0x60]|24-155
78424|code|CMP             R3, #0|0-43
78426|code|BLT.W           loc_1356A|192-242-134-129
78430|code|LDRD.W          R2, R3, [SP,#0x80]|221-233-32-35
78434|code|LDRD.W          R0, R1, [SP,#0x98]|221-233-38-1
78438|code|LDR.W           R4, [R11,#0x38]|219-248-56-64
78442|code|ADDS            R6, R0, R2|134-24
78444|code|LDR             R0, [SP,#0x24]|9-152
78446|code|ADC.W           R7, R1, R3|65-235-3-7
78450|code|LDR             R3, [SP,#0x64]|25-155
78452|code|ASRS            R1, R4, #0x1F|225-23
78454|code|STRD.W          R6, R7, [SP,#0x80]|205-233-32-103
78458|code|MUL.W           R2, R4, R7|4-251-7-242
78462|code|STR             R3, [SP]|0-147
78464|code|UMULL.W         R4, R5, R4, R6|164-251-6-69
78468|code|STRD.W          R6, R7, [SP,#0x88]|205-233-34-103
78472|code|MLA.W           R1, R6, R1, R2|6-251-1-33
78476|code|LDR.W           R7, [R0,#0xCB0]|208-248-176-124
78480|code|ADDS            R0, R4, R4|32-25
78482|code|LDRD.W          R2, R3, [R11,#0x30]|219-233-12-35
78486|code|ADD             R5, R1|13-68
78488|code|ADC.W           R1, R5, R5|69-235-5-1
78492|code|ADDS.W          R8, R0, R4|16-235-4-8
78496|code|ADC.W           R9, R1, R5|65-235-5-9
78500|code|LDR             R1, [SP,#0x48]|18-153
78502|code|LDR             R6, [R1,#4]|78-104
78504|code|MOV.W           R1, R9,LSL#5|79-234-73-17
78508|code|ORR.W           R1, R1, R8,LSR#27|65-234-216-97
78512|code|STR             R1, [SP,#0x14]|5-145
78514|code|MOV.W           R1, R8,LSL#5|79-234-72-17
78518|code|STR             R1, [SP,#0x10]|4-145
78520|code|LDRD.W          R0, R1, [SP,#0x10]|221-233-4-1
78524|code|ADDS.W          R0, R0, R8|16-235-8-0
78528|code|ADC.W           R1, R1, R9|65-235-9-1
78532|code|ADDS            R0, R0, R4|0-25
78534|code|ADCS            R1, R5|105-65
78536|code|BL              sub_13ACC|0-240-0-252
78540|code|MOVW            R1, #0x41BC|68-242-188-17
78544|code|MOV             R2, R7|58-70
78546|code|MOV             R3, R6|51-70
78548|code|MOVT.W          R1, #1|192-242-1-1
78552|code|CMP             R0, #0x64 ; 'd'|100-40
78554|code|IT GE|168-191
78556|code|MOVGE           R0, #0x64 ; 'd'|100-32
78558|code|STR             R0, [SP,#4]|1-144
78560|code|MOVS            R0, #1|1-32
78562|code|BLX             __printf_chk|253-247-24-239
78566|code|LDR             R3, [SP,#0x58]|22-155
78568|code|LDR             R0, [R3]|24-104
78570|code|BLX             fflush|253-247-70-238
78574|code|LDRD.W          R2, R3, [R11,#0x30]|219-233-12-35
78578|code|CMP             R4, R2|148-66
78580|code|SBCS.W          R3, R5, R3|117-235-3-3
78584|code|BGE             loc_13306|5-218
78586|code|LDR.W           R10, [R10,#4]|218-248-4-160
78590|code|LDR             R3, [SP,#0x5C]|23-155
78592|code|CMP             R3, R10|83-69
78594|code|BNE.W           loc_13066|127-244-176-174
78598|code|LDR.W           R11, [SP,#0x24]|221-248-36-176
78602|code|LDR             R6, [SP,#0x50]|20-158
78604|code|LDR             R7, [SP,#0x54]|21-159
78606|code|LDR.W           R3, [R11,#0xCB4]|219-248-180-60
78610|code|LSLS            R1, R3, #0x1F|217-7
78612|code|BMI.W           loc_13622|0-241-133-129
78616|code|MOV             R0, #0x141EC|68-242-236-16-192-242-1-0
78624|code|BLX             puts|253-247-158-238
78628|code|LDR             R3, [SP,#0x58]|22-155
78630|code|LDR             R0, [R3]|24-104
78632|code|BLX             fflush|253-247-38-238
78636|code|LDR             R2, [SP,#0x4C]|19-154
78638|code|LDR.W           R3, [R2,#0xBD8]|210-248-216-59
78642|code|ADDS            R3, #1|1-51
78644|code|STR.W           R3, [R2,#0xBD8]|194-248-216-59
78648|code|B               loc_12F98|46-230
78650|code|LDR             R0, [SP,#0x28]|10-152
78652|code|LDR             R6, [SP,#0x50]|20-158
78654|code|LDR.W           R11, [SP,#0x24]|221-248-36-176
78658|code|LDR             R7, [SP,#0x54]|21-159
78660|code|BLX             free|253-247-44-238
78664|code|LDR.W           R3, [R11,#0xCB4]|219-248-180-60
78668|code|LSLS            R0, R3, #0x1F|216-7
78670|code|BPL.W           loc_13510|64-241-223-128
78674|code|MOVS            R0, #0xA|10-32
78676|code|BLX             putchar|253-247-210-238
78680|code|MOV             R3, #0x25110|69-242-16-19-192-242-2-3
78688|code|LDR             R4, [R3]|28-104
78690|code|BLX             __errno_location|253-247-186-238
78694|code|LDR             R0, [R0]|0-104
78696|code|BLX             strerror|253-247-140-238
78700|code|MOVW            R2, #0x4080|68-242-128-2
78704|code|MOVW            R3, #0x41F4|68-242-244-19
78708|code|MOVT.W          R2, #1|192-242-1-2
78712|code|MOVT.W          R3, #1|192-242-1-3
78716|code|MOVS            R1, #1|1-33
78718|code|STR             R0, [SP]|0-144
78720|code|MOV             R0, R4|32-70
78722|code|BLX             __fprintf_chk|253-247-206-238
78726|code|LDR.W           R3, [R11,#0xCB4]|219-248-180-60
78730|code|LSLS            R2, R3, #0x1F|218-7
78732|code|BPL.W           loc_12F98|127-245-4-174
78736|code|MOV.W           R4, #0xFFFFFFFF|79-240-255-52
78740|code|MOVS            R1, #0|0-33
78742|code|MOVS            R2, #0x20 ; ' '|32-34
78744|code|ADD             R0, SP, #0xA0|40-168
78746|code|BLX             memset|253-247-170-238
78750|code|MOVW            R1, #0x660B|70-242-11-97
78754|code|MOV.W           R2, #0xFFFFFFFF|79-240-255-50
78758|code|MOV.W           R3, #0xFFFFFFFF|79-240-255-51
78762|code|MOVT.W          R1, #0xC020|204-242-32-1
78766|code|STRD.W          R2, R3, [SP,#0xA8]|205-233-42-35
78770|code|LDR             R0, [SP,#0x20]|8-152
78772|code|ADD             R2, SP, #0xA0|40-170
78774|code|MOVS            R3, #1|1-35
78776|code|STR             R3, [SP,#0xB0]|44-147
78778|code|BLX             ioctl|253-247-58-238
78782|code|CMP             R0, #0|0-40
78784|code|BLT.W           loc_13854|192-242-72-130
78788|code|LDR             R3, [SP,#0xB4]|45-155
78790|code|CMP             R3, #0|0-43
78792|code|BLT.W           loc_13854|192-242-68-130
78796|code|CMP             R3, #1|1-43
78798|code|ITTTT NE|31-191
78800|code|LDRNE           R1, [SP,#0x4C]|19-153
78802|code|MOVNE           R2, R1|10-70
78804|code|LDRNE.W         R2, [R2,#0xBE0]|210-248-224-43
78808|code|ADDNE           R2, #1|1-50
78810|code|IT NE|24-191
78812|code|STRNE.W         R2, [R1,#0xBE0]|193-248-224-43
78816|code|LDR             R1, [SP,#0x4C]|19-153
78818|code|LDR.W           R2, [R1,#0xBCC]|209-248-204-43
78822|code|ADD             R2, R3|26-68
78824|code|STR.W           R2, [R1,#0xBCC]|193-248-204-43
78828|code|CMP             R4, #0|0-44
78830|code|BNE.W           loc_12F98|127-244-211-173
78834|code|MOVW            R1, #0x41D8|68-242-216-17
78838|code|LDR             R2, [SP,#0x40]|16-154
78840|code|MOVT.W          R1, #1|192-242-1-1
78844|code|MOVS            R0, #1|1-32
78846|code|BLX             __printf_chk|253-247-138-238
78850|code|LDR             R3, [SP,#0x58]|22-155
78852|code|LDR             R0, [R3]|24-104
78854|code|BLX             fflush|253-247-184-237
78858|code|B               loc_13318|133-231
78860|code|LDR.W           R10, [SP,#0x6C]|221-248-108-160
78864|code|MOVS            R6, #0|0-38
78866|code|MOV             R12, R6|180-70
78868|code|STR.W           R8, [SP,#0x38]|205-248-56-128
78872|code|STR.W           R9, [SP,#0x48]|205-248-72-144
78876|code|LDR.W           R5, [R10,#4]|218-248-4-80
78880|code|LDRD.W          R2, R3, [R10,#8]|218-233-2-35
78884|code|STR.W           R10, [SP,#0x30]|205-248-48-160
78888|code|MOV             R4, R5|44-70
78890|code|STRD.W          R2, R3, [SP,#0x28]|205-233-10-35
78894|code|B               loc_13492|48-224
78896|code|MOVS            R0, #0x18|24-32
78898|code|STR.W           R12, [SP,#0x44]|205-248-68-192
78902|code|BLX             malloc|253-247-26-238
78906|code|CMP             R0, #0|0-40
78908|code|BEQ             loc_134C4|66-208
78910|code|LDR.W           R12, [SP,#0x44]|221-248-68-192
78914|code|MOV             R3, R0|3-70
78916|code|STR.W           R12, [R3],#4|67-248-4-203
78920|code|ADDS            R3, #8|8-51
78922|code|STR.W           R12, [R0,#4]|192-248-4-192
78926|code|STR.W           R12, [R3],#4|67-248-4-203
78930|code|STR.W           R12, [R3],#4|67-248-4-203
78934|code|STR.W           R12, [R3]|195-248-0-192
78938|code|LDRD.W          R2, R3, [SP,#0x28]|221-233-10-35
78942|code|LDR             R1, [R4]|33-104
78944|code|STRD.W          R2, R3, [R0,#8]|192-233-2-35
78948|code|LDR             R2, [SP,#0x30]|12-154
78950|code|STR             R1, [R0,#0x14]|65-97
78952|code|STR             R2, [R0,#0x10]|2-97
78954|code|CMP             R6, #0|0-46
78956|code|BEQ             loc_13508|76-208
78958|code|LDR             R2, [R6]|50-104
78960|code|LDR             R3, [R2,#4]|83-104
78962|code|STR             R3, [R0,#4]|67-96
78964|code|LDR             R3, [R2,#4]|83-104
78966|code|STR             R0, [R3]|24-96
78968|code|STR             R2, [R0]|2-96
78970|code|STR             R0, [R2,#4]|80-96
78972|code|LDRD.W          R2, R3, [R4,#8]|212-233-2-35
78976|code|STR             R4, [SP,#0x30]|12-148
78978|code|LDR.W           R5, [R10,#4]|218-248-4-80
78982|code|LDR             R4, [R4,#4]|100-104
78984|code|STRD.W          R2, R3, [SP,#0x28]|205-233-10-35
78988|code|CMP             R5, R4|165-66
78990|code|BEQ.W           loc_13626|0-240-202-128
78994|code|LDR             R3, [R4]|35-104
78996|code|LDRD.W          R0, R1, [R3,#8]|211-233-2-1
79000|code|LDRD.W          R2, R3, [R3,#0x10]|211-233-4-35
79004|code|ADDS.W          R8, R2, R0|18-235-0-8
79008|code|ADC.W           R9, R3, R1|67-235-1-9
79012|code|LDRD.W          R2, R3, [R4,#0x10]|212-233-4-35
79016|code|CMP             R9, R3|153-69
79018|code|IT EQ|8-191
79020|code|CMPEQ           R8, R2|144-69
79022|code|BNE             loc_13430|191-209
79024|code|LDRD.W          R2, R3, [R4,#8]|212-233-2-35
79028|code|LDRD.W          R0, R1, [SP,#0x28]|221-233-10-1
79032|code|LDR             R4, [R4,#4]|100-104
79034|code|ADDS            R0, R0, R2|128-24
79036|code|ADCS            R1, R3|89-65
79038|code|STRD.W          R0, R1, [SP,#0x28]|205-233-10-1
79042|code|B               loc_1348C|227-231
79044|code|LDR.W           R3, [R11,#(dword_2A1B4 - 0x29500)]|219-248-180-60
79048|code|LDR.W           R8, [SP,#0x38]|221-248-56-128
79052|code|LSLS            R4, R3, #0x1F|220-7
79054|code|BPL.W           loc_12CE2|127-245-8-172
79058|code|MOVW            R4, #0x5110|69-242-16-20
79062|code|MOVW            R2, #0x3E5C|67-246-92-98
79066|code|MOVT.W          R4, #2|192-242-2-4
79070|code|MOV             R3, R8|67-70
79072|code|LDR             R0, [R4]|32-104
79074|code|MOVT.W          R2, #1|192-242-1-2
79078|code|MOVS            R1, #1|1-33
79080|code|B               loc_12D3E|41-228
79082|code|LDR             R6, [SP,#0x50]|20-158
79084|code|LDR.W           R11, [SP,#0x24]|221-248-36-176
79088|code|LDR             R7, [SP,#0x54]|21-159
79090|code|B               loc_13348|41-231
79092|code|LDR             R3, [SP,#0x40]|16-155
79094|code|MOV             R1, #0x141D8|68-242-216-17-192-242-1-1
79102|code|MOVS            R0, #1|1-32
79104|code|MOV             R2, R3|26-70
79106|code|BLX             __printf_chk|253-247-8-238
79110|code|B               loc_12F5A|40-229
79112|code|STR             R0, [R0]|0-96
79114|code|MOV             R6, R0|6-70
79116|code|STR             R0, [R0,#4]|64-96
79118|code|B               loc_1347C|181-231
79120|code|MOV             R0, #0x1420C|68-242-12-32-192-242-1-0
79128|code|BLX             puts|253-247-162-237
79132|code|B               loc_13386|51-231
79134|code|LDR.W           R11, [SP,#0x24]|221-248-36-176
79138|code|LDR             R0, [SP,#0x28]|10-152
79140|code|LDR             R6, [SP,#0x50]|20-158
79142|code|LDR             R7, [SP,#0x54]|21-159
79144|code|BLX             free|253-247-58-237
79148|code|LDR.W           R3, [R11,#0xCB4]|219-248-180-60
79152|code|LSLS            R3, R3, #0x1F|219-7
79154|code|BPL             loc_13510|237-213
79156|code|MOVS            R0, #0xA|10-32
79158|code|BLX             putchar|253-247-226-237
79162|code|MOV             R3, #0x25110|69-242-16-19-192-242-2-3
79170|code|LDR             R4, [R3]|28-104
79172|code|BLX             __errno_location|253-247-200-237
79176|code|LDR             R0, [R0]|0-104
79178|code|BLX             strerror|253-247-156-237
79182|code|MOVW            R2, #0x4080|68-242-128-2
79186|code|MOVW            R3, #0x4228|68-242-40-35
79190|code|MOVT.W          R2, #1|192-242-1-2
79194|code|MOVT.W          R3, #1|192-242-1-3
79198|code|MOVS            R1, #1|1-33
79200|code|STR             R0, [SP]|0-144
79202|code|MOV             R0, R4|32-70
79204|code|BLX             __fprintf_chk|253-247-220-237
79208|code|B               loc_13386|13-231
79210|code|LDR.W           R11, [SP,#0x24]|221-248-36-176
79214|code|LDR             R6, [SP,#0x50]|20-158
79216|code|LDR             R7, [SP,#0x54]|21-159
79218|code|LDR.W           R3, [R11,#0xCB4]|219-248-180-60
79222|code|LSLS            R3, R3, #0x1F|219-7
79224|code|BPL             loc_13510|202-213
79226|code|MOVS            R0, #0xA|10-32
79228|code|BLX             putchar|253-247-190-237
79232|code|MOV             R3, #0x25110|69-242-16-19-192-242-2-3
79240|code|LDR             R4, [R3]|28-104
79242|code|BLX             __errno_location|253-247-166-237
79246|code|MOV             R5, R0|5-70
79248|code|LDR             R0, [R0]|0-104
79250|code|BLX             strerror|253-247-120-237
79254|code|MOVW            R2, #0x4080|68-242-128-2
79258|code|MOVW            R3, #0x423C|68-242-60-35
79262|code|MOVT.W          R2, #1|192-242-1-2
79266|code|MOVT.W          R3, #1|192-242-1-3
79270|code|MOVS            R1, #1|1-33
79272|code|STR             R0, [SP]|0-144
79274|code|MOV             R0, R4|32-70
79276|code|BLX             __fprintf_chk|253-247-184-237
79280|code|LDR             R3, [R5]|43-104
79282|code|CMP             R3, #0x19|25-43
79284|code|BNE.W           loc_13386|127-244-231-174
79288|code|MOV             R0, #0x1426C|68-242-108-32-192-242-1-0
79296|code|BLX             puts|253-247-78-237
79300|code|B               loc_13386|223-230
79302|code|LDR.W           R2, [R11,#(dword_2A1B4 - 0x29500)]|219-248-180-44
79306|code|MOV             R3, #0x29500|73-242-0-83-192-242-2-3
79314|code|LSLS            R5, R2, #0x1F|213-7
79316|code|BPL.W           loc_12C72|127-245-77-171
79320|code|LDR             R2, [SP,#0x40]|16-154
79322|code|MOV             R4, #0x25120|69-242-32-20-192-242-2-4
79330|code|MOVW            R1, #0x40B8|68-242-184-1
79334|code|STR.W           R8, [SP]|205-248-0-128
79338|code|MOVT.W          R1, #1|192-242-1-1
79342|code|STR             R2, [SP,#4]|1-146
79344|code|MOVS            R0, #1|1-32
79346|code|STR             R2, [SP,#8]|2-146
79348|code|LDR.W           R2, [R3,#(dword_2A1B0 - 0x29500)]|211-248-176-44
79352|code|LDR             R3, [R4,#(dword_25124 - 0x25120)]|99-104
79354|code|BLX             __printf_chk|253-247-140-237
79358|code|MOV             R1, #0x25110|69-242-16-17-192-242-2-1
79366|code|MOVW            R2, #0x4070|68-242-112-2
79370|code|MOVW            R3, #0x40E8|68-242-232-3
79374|code|LDR             R0, [R1]|8-104
79376|code|MOVT.W          R2, #1|192-242-1-2
79380|code|MOVT.W          R3, #1|192-242-1-3
79384|code|MOVS            R1, #1|1-33
79386|code|BLX             __fprintf_chk|253-247-130-237
79390|code|B.W             loc_12C72|255-247-40-187
79394|code|MOVS            R4, #0|0-36
79396|code|B               loc_13394|182-230
79398|code|LDR.W           R8, [SP,#0x38]|221-248-56-128
79402|code|MOVW            R2, #0x1008|65-242-8-2
79406|code|MOVS            R1, #0|0-33
79408|code|ADD             R0, SP, #0xFC|63-168
79410|code|LDR.W           R9, [SP,#0x48]|221-248-72-144
79414|code|BLX             memset|253-247-92-237
79418|code|MOV.W           R1, #0x1000|79-244-128-81
79422|code|MOV             R0, R8|64-70
79424|code|BLX             strnlen|253-247-122-237
79428|code|MOV             R3, #0x142C0|68-242-192-35-192-242-1-3
79436|code|MOVS            R1, #1|1-33
79438|code|MOVW            R2, #0x1008|65-242-8-2
79442|code|STR.W           R8, [SP,#4]|205-248-4-128
79446|code|STR             R0, [SP]|0-144
79448|code|ADD             R0, SP, #0xFC|63-168
79450|code|BLX             __sprintf_chk|253-247-68-237
79454|code|ADD             R0, SP, #0xFC|63-168
79456|code|MOVS            R1, #0xC1|193-33
79458|code|MOV.W           R2, #0x100|79-244-128-114
79462|code|BLX             open64|253-247-246-236
79466|code|SUBS            R3, R0, #0|3-30
79468|code|STR             R3, [SP,#0x44]|17-147
79470|code|BLT             loc_136F6|66-219
79472|code|ADD             R0, SP, #0xFC|63-168
79474|code|BLX             unlink|253-247-192-236
79478|code|CMP             R0, #0|0-40
79480|code|BLT.W           loc_137C8|192-242-166-128
79484|code|MOVW            R12, #0x5120|69-242-32-28
79488|code|MOV             R10, R6|178-70
79490|code|MOVT.W          R12, #2|192-242-2-12
79494|code|STR.W           R8, [SP,#0x28]|205-248-40-128
79498|code|STR.W           R9, [SP,#0x38]|205-248-56-144
79502|code|STR.W           R12, [SP,#0x30]|205-248-48-192
79506|code|B               loc_1369C|3-224
79508|code|LDR.W           R10, [R10,#4]|218-248-4-160
79512|code|CMP             R10, R6|178-69
79514|code|BEQ             loc_13748|85-208
79516|code|LDR             R3, [SP,#0x30]|12-155
79518|code|LDR.W           R2, [R10,#0x10]|218-248-16-32
79522|code|LDR.W           R12, [R10,#8]|218-248-8-192
79526|code|LDR             R4, [R3,#8]|156-104
79528|code|LDR             R3, [R2,#0x14]|83-105
79530|code|LDR             R2, [R2,#0x10]|18-105
79532|code|MOV.W           R9, R4,ASR#31|79-234-228-121
79536|code|LDR.W           R1, [R10,#0xC]|218-248-12-16
79540|code|MUL.W           R3, R4, R3|4-251-3-243
79544|code|LDR             R0, [SP,#0x44]|17-152
79546|code|MLA.W           R5, R2, R9, R3|2-251-9-53
79550|code|UMULL.W         R2, R3, R2, R4|162-251-4-35
79554|code|MUL.W           R1, R4, R1|4-251-1-241
79558|code|ADD             R3, R5|43-68
79560|code|UMULL.W         R4, R5, R12, R4|172-251-4-69
79564|code|MLA.W           LR, R12, R9, R1|12-251-9-30
79568|code|MOVS            R1, #0|0-33
79570|code|ADD             R5, LR|117-68
79572|code|STRD.W          R4, R5, [SP]|205-233-0-69
79576|code|BLX             fallocate64|253-247-70-237
79580|code|CMP             R0, #0|0-40
79582|code|BGE             loc_13694|217-218
79584|code|LDR.W           R3, [R11,#(dword_2A1B4 - 0x29500)]|219-248-180-60
79588|code|LDR.W           R8, [SP,#0x28]|221-248-40-128
79592|code|LSLS            R2, R3, #0x1F|218-7
79594|code|BMI.W           loc_13812|0-241-146-128
79598|code|LDR             R0, [SP,#0x20]|8-152
79600|code|BLX             close|253-247-100-237
79604|code|B               loc_12FA6|87-228
79606|code|LDR.W           R3, [R11,#(dword_2A1B4 - 0x29500)]|219-248-180-60
79610|code|LSLS            R0, R3, #0x1F|216-7
79612|code|BPL.W           loc_12F98|127-245-76-172
79616|code|MOVW            R4, #0x5110|69-242-16-20
79620|code|MOVW            R2, #0x3E5C|67-246-92-98
79624|code|MOVT.W          R4, #2|192-242-2-4
79628|code|MOV             R3, R8|67-70
79630|code|LDR             R0, [R4]|32-104
79632|code|MOVT.W          R2, #1|192-242-1-2
79636|code|MOVS            R1, #1|1-33
79638|code|BLX             __fprintf_chk|253-247-4-237
79642|code|BLX             __errno_location|253-247-222-236
79646|code|LDR             R4, [R4]|36-104
79648|code|LDR             R0, [R0]|0-104
79650|code|CMP             R0, #0x11|17-40
79652|code|BEQ.W           loc_1388C|0-240-178-128
79656|code|BLX             strerror|253-247-172-236
79660|code|MOVW            R2, #0x4080|68-242-128-2
79664|code|MOVW            R3, #0x3F10|67-246-16-115
79668|code|MOVT.W          R2, #1|192-242-1-2
79672|code|MOVT.W          R3, #1|192-242-1-3
79676|code|MOVS            R1, #1|1-33
79678|code|STR             R0, [SP]|0-144
79680|code|MOV             R0, R4|32-70
79682|code|BLX             __fprintf_chk|253-247-238-236
79686|code|B               loc_12F98|39-228
79688|code|LDR             R0, [SP,#0x44]|17-152
79690|code|ADD             R1, SP, #0x70 ; 'p'|28-169
79692|code|LDR.W           R9, [SP,#0x38]|221-248-56-144
79696|code|LDR.W           R8, [SP,#0x28]|221-248-40-128
79700|code|BL              sub_12088|254-247-152-252
79704|code|LDR.W           R12, [SP,#0x30]|221-248-48-192
79708|code|CMP             R0, #0|0-40
79710|code|BLT             loc_1377E|14-219
79712|code|LDR             R0, [SP,#0x70]|28-152
79714|code|STR.W           R12, [SP,#0x28]|205-248-40-192
79718|code|BL              sub_11EE0|254-247-187-251
79722|code|ADD             R1, SP, #0x74 ; 't'|29-169
79724|code|MOV             R4, R0|4-70
79726|code|ADD             R0, SP, #0x70 ; 'p'|28-168
79728|code|BL              sub_12034|254-247-96-252
79732|code|LDR.W           R12, [SP,#0x28]|221-248-40-192
79736|code|CMP             R0, #0|0-40
79738|code|BGE.W           loc_12EE6|191-246-180-171
79742|code|LDR.W           R3, [R11,#(dword_2A1B4 - 0x29500)]|219-248-180-60
79746|code|LSLS            R3, R3, #0x1F|219-7
79748|code|BPL             loc_136EE|179-213
79750|code|MOVW            R4, #0x5110|69-242-16-20
79754|code|MOVW            R2, #0x3E5C|67-246-92-98
79758|code|MOVT.W          R4, #2|192-242-2-4
79762|code|MOV             R3, R8|67-70
79764|code|MOVT.W          R2, #1|192-242-1-2
79768|code|MOVS            R1, #1|1-33
79770|code|LDR             R0, [R4]|32-104
79772|code|BLX             __fprintf_chk|253-247-192-236
79776|code|LDR             R4, [R4]|36-104
79778|code|BLX             __errno_location|253-247-154-236
79782|code|LDR             R0, [R0]|0-104
79784|code|BLX             strerror|253-247-108-236
79788|code|MOVW            R2, #0x4080|68-242-128-2
79792|code|MOVW            R3, #0x3F20|67-246-32-115
79796|code|MOVT.W          R2, #1|192-242-1-2
79800|code|MOVT.W          R3, #1|192-242-1-3
79804|code|MOVS            R1, #1|1-33
79806|code|STR             R0, [SP]|0-144
79808|code|MOV             R0, R4|32-70
79810|code|BLX             __fprintf_chk|253-247-174-236
79814|code|B               loc_136EE|146-231
79816|code|LDR.W           R3, [R11,#(dword_2A1B4 - 0x29500)]|219-248-180-60
79820|code|LSLS            R1, R3, #0x1F|217-7
79822|code|BPL             loc_136EE|142-213
79824|code|MOVW            R4, #0x5110|69-242-16-20
79828|code|MOVW            R2, #0x3E5C|67-246-92-98
79832|code|MOVT.W          R4, #2|192-242-2-4
79836|code|MOV             R3, R8|67-70
79838|code|MOVT.W          R2, #1|192-242-1-2
79842|code|MOVS            R1, #1|1-33
79844|code|LDR             R0, [R4]|32-104
79846|code|BLX             __fprintf_chk|253-247-156-236
79850|code|LDR             R4, [R4]|36-104
79852|code|BLX             __errno_location|253-247-116-236
79856|code|LDR             R0, [R0]|0-104
79858|code|BLX             strerror|253-247-72-236
79862|code|MOVW            R2, #0x4080|68-242-128-2
79866|code|MOVW            R3, #0x4194|68-242-148-19
79870|code|MOVT.W          R2, #1|192-242-1-2
79874|code|MOVT.W          R3, #1|192-242-1-3
79878|code|MOVS            R1, #1|1-33
79880|code|STR             R0, [SP]|0-144
79882|code|MOV             R0, R4|32-70
79884|code|BLX             __fprintf_chk|253-247-136-236
79888|code|B               loc_136EE|109-231
79890|code|MOVW            R4, #0x5110|69-242-16-20
79894|code|MOVW            R2, #0x3E5C|67-246-92-98
79898|code|MOVT.W          R4, #2|192-242-2-4
79902|code|MOV             R3, R8|67-70
79904|code|MOVT.W          R2, #1|192-242-1-2
79908|code|MOVS            R1, #1|1-33
79910|code|LDR             R0, [R4]|32-104
79912|code|BLX             __fprintf_chk|253-247-122-236
79916|code|LDR             R4, [R4]|36-104
79918|code|BLX             __errno_location|253-247-84-236
79922|code|LDR             R0, [R0]|0-104
79924|code|BLX             strerror|253-247-38-236
79928|code|MOVW            R2, #0x4080|68-242-128-2
79932|code|MOVW            R3, #0x41A8|68-242-168-19
79936|code|MOVT.W          R2, #1|192-242-1-2
79940|code|MOVT.W          R3, #1|192-242-1-3
79944|code|MOVS            R1, #1|1-33
79946|code|STR             R0, [SP]|0-144
79948|code|MOV             R0, R4|32-70
79950|code|BLX             __fprintf_chk|253-247-104-236
79954|code|B               loc_136EE|76-231
79956|code|MOVS            R0, #0xA|10-32
79958|code|BLX             putchar|253-247-82-236
79962|code|MOV             R3, #0x25110|69-242-16-19-192-242-2-3
79970|code|LDR             R4, [R3]|28-104
79972|code|BLX             __errno_location|253-247-56-236
79976|code|LDR             R0, [R0]|0-104
79978|code|BLX             strerror|253-247-12-236
79982|code|MOVW            R2, #0x4080|68-242-128-2
79986|code|MOVW            R3, #0x42A0|68-242-160-35
79990|code|MOVT.W          R2, #1|192-242-1-2
79994|code|MOVT.W          R3, #1|192-242-1-3
79998|code|MOVS            R1, #1|1-33
80000|code|STR             R0, [SP]|0-144
80002|code|MOV             R0, R4|32-70
80004|code|BLX             __fprintf_chk|253-247-76-236
80008|code|B.W             loc_12F98|255-247-134-187
80012|code|BLX             strerror|253-247-250-235
80016|code|MOVW            R2, #0x4080|68-242-128-2
80020|code|MOVW            R3, #0x416C|68-242-108-19
80024|code|MOVT.W          R2, #1|192-242-1-2
80028|code|MOVT.W          R3, #1|192-242-1-3
80032|code|MOVS            R1, #1|1-33
80034|code|STR             R0, [SP]|0-144
80036|code|MOV             R0, R4|32-70
80038|code|BLX             __fprintf_chk|253-247-60-236
80042|code|B.W             loc_12F98|255-247-117-187
80046|data|ALIGN 0x10|0-191
80048|code|EOR.W           R0, R0, #0x80000000|128-240-0-64
80052|code|B               loc_138BC|2-224
80054|data|ALIGN 4|0-191
80056|code|EOR.W           R1, R1, #0x80000000|129-240-0-65
80060|code|LSLS            R2, R0, #1|66-0
80062|code|ITTTT NE|31-191
80064|code|MOVSNE.W        R3, R1,LSL#1|95-234-65-3
80068|code|TEQNE.W         R2, R3|146-234-3-15
80072|code|MVNSNE.W        R12, R2,ASR#24|127-234-34-108
80076|code|MVNSNE.W        R12, R3,ASR#24|127-234-35-108
80080|code|BEQ             loc_139A8|106-208
80082|code|MOV.W           R2, R2,LSR#24|79-234-18-98
80086|code|RSBS.W          R3, R2, R3,LSR#24|210-235-19-99
80090|code|ITTTT GT|193-191
80092|code|ADDGT           R2, R2, R3|210-24
80094|code|EORGT           R1, R0|65-64
80096|code|EORGT           R0, R1|72-64
80098|code|EORGT           R1, R0|65-64
80100|code|IT LT|184-191
80102|code|NEGLT           R3, R3|91-66
80104|code|CMP             R3, #0x19|25-43
80106|code|IT HI|136-191
80108|code|BXHI            LR|112-71
80110|code|TST.W           R0, #0x80000000|16-240-0-79
80114|code|ORR.W           R0, R0, #0x800000|64-244-0-0
80118|code|BIC.W           R0, R0, #0xFF000000|32-240-127-64
80122|code|IT NE|24-191
80124|code|NEGNE           R0, R0|64-66
80126|code|TST.W           R1, #0x80000000|17-240-0-79
80130|code|ORR.W           R1, R1, #0x800000|65-244-0-1
80134|code|BIC.W           R1, R1, #0xFF000000|33-240-127-65
80138|code|IT NE|24-191
80140|code|NEGNE           R1, R1|73-66
80142|code|TEQ.W           R2, R3|146-234-3-15
80146|code|BEQ             loc_13994|63-208
80148|code|SUB.W           R2, R2, #1|162-241-1-2
80152|code|ASR.W           R12, R1, R3|65-250-3-252
80156|code|ADDS.W          R0, R0, R12|16-235-12-0
80160|code|RSB.W           R3, R3, #0x20 ; ' '|195-241-32-3
80164|code|LSL.W           R1, R1, R3|1-250-3-241
80168|code|AND.W           R3, R0, #0x80000000|0-240-0-67
80172|code|BPL             loc_13934|2-213
80174|code|NEGS            R1, R1|73-66
80176|code|SBC.W           R0, R0, R0,LSL#1|96-235-64-0
80180|code|CMP.W           R0, #0x800000|176-245-0-15
80184|code|BCC             loc_13962|19-211
80186|code|CMP.W           R0, #0x1000000|176-241-128-127
80190|code|BCC             loc_1394E|6-211
80192|code|LSRS            R0, R0, #1|64-8
80194|code|MOV.W           R1, R1,RRX|79-234-49-1
80198|code|ADD.W           R2, R2, #1|2-241-1-2
80202|code|CMP             R2, #0xFE|254-42
80204|code|BCS             loc_139F2|81-210
80206|code|CMP.W           R1, #0x80000000|177-241-0-79
80210|code|ADC.W           R0, R0, R2,LSL#23|64-235-194-80
80214|code|IT EQ|8-191
80216|code|BICEQ.W         R0, R0, #1|32-240-1-0
80220|code|ORR.W           R0, R0, R3|64-234-3-0
80224|code|BX              LR|112-71
80226|code|LSLS            R1, R1, #1|73-0
80228|code|ADC.W           R0, R0, R0|64-235-0-0
80232|code|TST.W           R0, #0x800000|16-244-0-15
80236|code|SUB.W           R2, R2, #1|162-241-1-2
80240|code|BNE             loc_1394E|237-209
80242|code|CLZ.W           R12, R0|176-250-128-252
80246|code|SUB.W           R12, R12, #8|172-241-8-12
80250|code|SUBS.W          R2, R2, R12|178-235-12-2
80254|code|LSL.W           R0, R0, R12|0-250-12-240
80258|code|ITET GE|170-191
80260|code|ADDGE.W         R0, R0, R2,LSL#23|0-235-194-80
80264|code|NEGLT           R2, R2|82-66
80266|code|ORRGE           R0, R3|24-67
80268|code|ITT LT|188-191
80270|code|LSRLT           R0, R2|208-64
80272|code|ORRLT           R0, R3|24-67
80274|code|BX              LR|112-71
80276|code|TEQ.W           R2, #0|146-240-0-15
80280|code|EOR.W           R1, R1, #0x800000|129-244-0-1
80284|code|ITTE EQ|6-191
80286|code|EOREQ.W         R0, R0, #0x800000|128-244-0-0
80290|code|ADDEQ           R2, #1|1-50
80292|code|SUBNE           R3, #1|1-59
80294|code|B               loc_13914|181-231
80296|code|MOV.W           R3, R1,LSL#1|79-234-65-3
80300|code|MVNS.W          R12, R2,ASR#24|127-234-34-108
80304|code|IT NE|24-191
80306|code|MVNSNE.W        R12, R3,ASR#24|127-234-35-108
80310|code|BEQ             loc_139FC|33-208
80312|code|TEQ.W           R2, R3|146-234-3-15
80316|code|BEQ             loc_139C8|4-208
80318|code|TEQ.W           R2, #0|146-240-0-15
80322|code|IT EQ|8-191
80324|code|MOVEQ           R0, R1|8-70
80326|code|BX              LR|112-71
80328|code|TEQ.W           R0, R1|144-234-1-15
80332|code|ITT NE|28-191
80334|code|MOVNE           R0, #0|0-32
80336|code|BXNE            LR|112-71
80338|code|TST.W           R2, #0xFF000000|18-240-127-79
80342|code|BNE             loc_139E2|4-209
80344|code|LSLS            R0, R0, #1|64-0
80346|code|IT CS|40-191
80348|code|ORRCS.W         R0, R0, #0x80000000|64-240-0-64
80352|code|BX              LR|112-71
80354|code|ADDS.W          R2, R2, #0x2000000|18-241-0-114
80358|code|ITT CC|60-191
80360|code|ADDCC.W         R0, R0, #0x800000|0-245-0-0
80364|code|BXCC            LR|112-71
80366|code|AND.W           R3, R0, #0x80000000|0-240-0-67
80370|code|ORR.W           R0, R3, #0x7F000000|67-240-254-64
80374|code|ORR.W           R0, R0, #0x800000|64-244-0-0
80378|code|BX              LR|112-71
80380|code|MVNS.W          R2, R2,ASR#24|127-234-34-98
80384|code|ITET NE|22-191
80386|code|MOVNE           R0, R1|8-70
80388|code|MVNSEQ.W        R3, R3,ASR#24|127-234-35-99
80392|code|MOVNE           R1, R0|1-70
80394|code|LSLS            R2, R0, #9|66-2
80396|code|ITTE EQ|6-191
80398|code|MOVSEQ.W        R3, R1,LSL#9|95-234-65-35
80402|code|TEQEQ.W         R0, R1|144-234-1-15
80406|code|ORRNE.W         R0, R0, #0x400000|64-244-128-0
80410|code|BX              LR|112-71
80412|code|MOV.W           R3, #0|79-240-0-3
80416|code|B               loc_13A2C|4-224
80418|data|ALIGN 4|0-191
80420|code|ANDS.W          R3, R0, #0x80000000|16-240-0-67
80424|code|IT MI|72-191
80426|code|NEGMI           R0, R0|64-66
80428|code|MOVS.W          R12, R0|95-234-0-12
80432|code|IT EQ|8-191
80434|code|BXEQ            LR|112-71
80436|code|ORR.W           R3, R3, #0x4B000000|67-240-150-67
80440|code|MOV             R1, R0|1-70
80442|code|MOV.W           R0, #0|79-240-0-0
80446|code|B               loc_13A7A|28-224
80448|code|ORRS.W          R2, R0, R1|80-234-1-2
80452|code|IT EQ|8-191
80454|code|BXEQ            LR|112-71
80456|code|MOV.W           R3, #0|79-240-0-3
80460|code|B               loc_13A64|10-224
80462|data|ALIGN 0x10|0-191
80464|code|ORRS.W          R2, R0, R1|80-234-1-2
80468|code|IT EQ|8-191
80470|code|BXEQ            LR|112-71
80472|code|ANDS.W          R3, R1, #0x80000000|17-240-0-67
80476|code|BPL             loc_13A64|2-213
80478|code|NEGS            R0, R0|64-66
80480|code|SBC.W           R1, R1, R1,LSL#1|97-235-65-1
80484|code|MOVS.W          R12, R1|95-234-1-12
80488|code|ITTT EQ|2-191
80490|code|MOVEQ           R12, R0|132-70
80492|code|MOVEQ           R1, R0|1-70
80494|code|MOVEQ           R0, #0|0-32
80496|code|ORR.W           R3, R3, #0x5B000000|67-240-182-67
80500|code|IT EQ|8-191
80502|code|SUBEQ.W         R3, R3, #0x10000000|163-241-128-83
80506|code|SUB.W           R3, R3, #0x800000|163-245-0-3
80510|code|CLZ.W           R2, R12|188-250-140-242
80514|code|SUBS            R2, #8|8-58
80516|code|SUB.W           R3, R3, R2,LSL#23|163-235-194-83
80520|code|BLT             loc_13AAC|16-219
80522|code|LSL.W           R12, R1, R2|1-250-2-252
80526|code|ADD             R3, R12|99-68
80528|code|LSL.W           R12, R0, R2|0-250-2-252
80532|code|RSB.W           R2, R2, #0x20 ; ' '|194-241-32-2
80536|code|CMP.W           R12, #0x80000000|188-241-0-79
80540|code|LSR.W           R2, R0, R2|32-250-2-242
80544|code|ADC.W           R0, R3, R2|67-235-2-0
80548|code|IT EQ|8-191
80550|code|BICEQ.W         R0, R0, #1|32-240-1-0
80554|code|BX              LR|112-71
80556|code|ADD.W           R2, R2, #0x20 ; ' '|2-241-32-2
80560|code|LSL.W           R12, R1, R2|1-250-2-252
80564|code|RSB.W           R2, R2, #0x20 ; ' '|194-241-32-2
80568|code|ORRS.W          R0, R0, R12,LSL#1|80-234-76-0
80572|code|LSR.W           R2, R1, R2|33-250-2-242
80576|code|ADC.W           R0, R3, R2|67-235-2-0
80580|code|IT EQ|8-191
80582|code|BICEQ.W         R0, R0, R12,LSR#31|32-234-220-112
80586|code|BX              LR|112-71
80588|code|CBNZ            R3, loc_13AEC|115-185
80590|code|CBNZ            R2, loc_13AEC|106-185
80592|code|CMP             R1, #0|0-41
80594|code|IT EQ|8-191
80596|code|CMPEQ           R0, #0|0-40
80598|code|ITT LT|188-191
80600|code|MOVLT           R0, #0|0-32
80602|code|MOVLT.W         R1, #0x80000000|79-240-0-65
80606|code|ITT GT|196-191
80608|code|MOVGT           R1, #0x7FFFFFFF|111-240-0-65
80612|code|MOVGT.W         R0, #0xFFFFFFFF|79-240-255-48
80616|code|B.W             loc_13B30|0-240-34-184
80620|code|SUB             SP, SP, #8|130-176
80622|code|MOV             R12, SP|236-70
80624|code|PUSH.W          {R12,LR}|45-233-0-80
80628|code|BL              sub_13B3C|0-240-34-248
80632|code|LDR.W           LR, [SP,#0x10+var_C]|221-248-4-224
80636|code|ADD             SP, SP, #8|2-176
80638|code|POP             {R2,R3}|12-188
80640|code|BX              LR|112-71
80642|data|ALIGN 4|0-191
80644|code|CBNZ            R3, loc_13B1A|75-185
80646|code|CBNZ            R2, loc_13B1A|66-185
80648|code|CMP             R1, #0|0-41
80650|code|IT EQ|8-191
80652|code|CMPEQ           R0, #0|0-40
80654|code|BEQ             loc_13B16|2-208
80656|code|MOV.W           R1, #0xFFFFFFFF|79-240-255-49
80660|code|MOV             R0, R1|8-70
80662|code|B.W             loc_13B30|0-240-11-184
80666|code|SUB             SP, SP, #8|130-176
80668|code|MOV             R12, SP|236-70
80670|code|PUSH.W          {R12,LR}|45-233-0-80
80674|code|BL              sub_13B6C|0-240-35-248
80678|code|LDR.W           LR, [SP,#0x10+var_C]|221-248-4-224
80682|code|ADD             SP, SP, #8|2-176
80684|code|POP             {R2,R3}|12-188
80686|code|BX              LR|112-71
80688|code|PUSH            {R1,LR}|2-181
80690|code|MOV.W           R0, #8; sig|79-240-8-0
80694|code|BLX             raise|253-247-2-234
80698|code|POP             {R1,PC}|2-189
80700|code|PUSH.W          {R4-R8,LR}|45-233-240-65
80704|code|MOV             R8, R3|152-70
80706|code|MOV             R4, R2|20-70
80708|code|LDR             R5, [SP,#0x18+arg_0]|6-157
80710|code|MOV             R6, R0|6-70
80712|code|MOV             R7, R1|15-70
80714|code|BL              sub_13B9C|0-240-39-248
80718|code|UMULL.W         R2, R3, R4, R0|164-251-0-35
80722|code|MOV             LR, R0|134-70
80724|code|MUL.W           R4, R4, R1|4-251-1-244
80728|code|SUBS            R6, R6, R2|182-26
80730|code|MLA.W           R4, R0, R8, R4|0-251-8-68
80734|code|ADD             R3, R4|35-68
80736|code|SBC.W           R7, R7, R3|103-235-3-7
80740|code|STRD.W          R6, R7, [R5]|197-233-0-103
80744|code|POP.W           {R4-R8,PC}|189-232-240-129
80748|code|PUSH.W          {R3-R9,LR}|45-233-248-67
80752|code|MOV             R7, R2|23-70
80754|code|MOV             R8, R0|128-70
80756|code|MOV             R9, R1|137-70
80758|code|MOV             R5, R3|29-70
80760|code|LDR             R6, [SP,#0x20+arg_0]|8-158
80762|code|BL              sub_13CF4|0-240-187-248
80766|code|MUL.W           R3, R0, R5|0-251-5-243
80770|code|UMULL.W         R4, R5, R0, R7|160-251-7-69
80774|code|MLA.W           R7, R7, R1, R3|7-251-1-55
80778|code|SUBS.W          R4, R8, R4|184-235-4-4
80782|code|ADD             R5, R7|61-68
80784|code|SBC.W           R5, R9, R5|105-235-5-5
80788|code|STRD.W          R4, R5, [R6]|198-233-0-69
80792|code|POP.W           {R3-R9,PC}|189-232-248-131
80796|code|CMP             R1, #0|0-41
80798|code|PUSH.W          {R4-R11,LR}|45-233-240-79
80802|code|ITTT GE|162-191
80804|code|MOVGE           R8, R0|128-70
80806|code|MOVGE           R9, R1|137-70
80808|code|MOVGE.W         LR, #0|79-240-0-14
80812|code|BLT.W           loc_13CE4|192-242-154-128
80816|code|CMP             R3, #0|0-43
80818|code|ITT GE|164-191
80820|code|MOVGE           R0, R2|16-70
80822|code|MOVGE           R1, R3|25-70
80824|code|BLT.W           loc_13CD8|192-242-142-128
80828|code|CMP             R9, R1|137-69
80830|code|MOV             R4, R8|68-70
80832|code|IT EQ|8-191
80834|code|CMPEQ           R8, R0|128-69
80836|code|MOV             R5, R9|77-70
80838|code|ITT CC|60-191
80840|code|MOVCC           R0, #0|0-32
80842|code|MOVCC           R1, #0|0-33
80844|code|BCC             loc_13C9E|103-211
80846|code|CLZ.W           R2, R1|177-250-129-242
80850|code|CMP             R1, #0|0-41
80852|code|BEQ             loc_13CC4|118-208
80854|code|CLZ.W           R3, R9|185-250-137-243
80858|code|CMP.W           R9, #0|185-241-0-15
80862|code|BEQ             loc_13CBC|109-208
80864|code|SUBS            R3, R2, R3|211-26
80866|code|SUB.W           R12, R3, #0x20 ; ' '|163-241-32-12
80870|code|LSL.W           R7, R1, R3|1-250-3-247
80874|code|LSL.W           R2, R0, R12|0-250-12-242
80878|code|RSB.W           R10, R3, #0x20 ; ' '|195-241-32-10
80882|code|ORRS            R7, R2|23-67
80884|code|LSR.W           R2, R0, R10|32-250-10-242
80888|code|ORRS            R7, R2|23-67
80890|code|LSL.W           R6, R0, R3|0-250-3-246
80894|code|CMP             R9, R7|185-69
80896|code|MOV             R2, R3|26-70
80898|code|IT EQ|8-191
80900|code|CMPEQ           R8, R6|176-69
80902|code|ITT CC|60-191
80904|code|MOVCC           R0, #0|0-32
80906|code|MOVCC           R1, #0|0-33
80908|code|BCC             loc_13C28|12-211
80910|code|MOV.W           R11, #1|79-240-1-11
80914|code|LSR.W           R4, R11, R10|43-250-10-244
80918|code|LSL.W           R1, R11, R12|11-250-12-241
80922|code|ORRS            R1, R4|33-67
80924|code|SUBS.W          R4, R8, R6|184-235-6-4
80928|code|SBC.W           R5, R9, R7|105-235-7-5
80932|code|LSL.W           R0, R11, R3|11-250-3-240
80936|code|CMP             R3, #0|0-43
80938|code|BEQ             loc_13C9E|56-208
80940|code|LSRS            R7, R7, #1|127-8
80942|code|MOV.W           R6, R6,RRX|79-234-54-6
80946|code|B               loc_13C48|9-224
80948|code|SUBS            R4, R4, R6|164-27
80950|code|SBC.W           R5, R5, R7|101-235-7-5
80954|code|ADDS            R4, R4, R4|36-25
80956|code|ADCS            R5, R5|109-65
80958|code|ADDS            R4, #1|1-52
80960|code|ADC.W           R5, R5, #0|69-241-0-5
80964|code|SUBS            R3, #1|1-59
80966|code|BEQ             loc_13C58|7-208
80968|code|CMP             R5, R7|189-66
80970|code|IT EQ|8-191
80972|code|CMPEQ           R4, R6|180-66
80974|code|BCS             loc_13C34|241-210
80976|code|ADDS            R4, R4, R4|36-25
80978|code|ADCS            R5, R5|109-65
80980|code|SUBS            R3, #1|1-59
80982|code|BNE             loc_13C48|247-209
80984|code|RSB.W           R7, R2, #0x20 ; ' '|194-241-32-7
80988|code|LSR.W           R3, R4, R2|36-250-2-243
80992|code|LSL.W           R7, R5, R7|5-250-7-247
80996|code|SUB.W           R6, R2, #0x20 ; ' '|162-241-32-6
81000|code|ORRS            R3, R7|59-67
81002|code|LSR.W           R6, R5, R6|37-250-6-246
81006|code|ORRS            R3, R6|51-67
81008|code|LSR.W           R12, R5, R2|37-250-2-252
81012|code|SUB.W           R8, R2, #0x20 ; ' '|162-241-32-8
81016|code|ADDS            R0, R0, R4|0-25
81018|code|LSL.W           R7, R12, R2|12-250-2-247
81022|code|LSL.W           R8, R3, R8|3-250-8-248
81026|code|RSB.W           R12, R2, #0x20 ; ' '|194-241-32-12
81030|code|ORR.W           R7, R7, R8|71-234-8-7
81034|code|LSR.W           R12, R3, R12|35-250-12-252
81038|code|LSL.W           R6, R3, R2|3-250-2-246
81042|code|ADCS            R1, R5|105-65
81044|code|ORR.W           R7, R7, R12|71-234-12-7
81048|code|SUBS            R0, R0, R6|128-27
81050|code|SBC.W           R1, R1, R7|97-235-7-1
81054|code|MOVS.W          R2, LR|30-241-0-2
81058|code|MOV.W           R3, #0|79-240-0-3
81062|code|IT NE|24-191
81064|code|MOVNE           R2, #1|1-34
81066|code|NEGS            R4, R2|84-66
81068|code|SBC.W           R5, R3, R3,LSL#1|99-235-67-5
81072|code|EORS            R0, R4|96-64
81074|code|EORS            R1, R5|105-64
81076|code|ADDS            R0, R0, R2|128-24
81078|code|ADCS            R1, R3|89-65
81080|code|POP.W           {R4-R11,PC}|189-232-240-143
81084|code|CLZ.W           R3, R8|184-250-136-243
81088|code|ADDS            R3, #0x20 ; ' '|32-51
81090|code|B               loc_13BE0|141-231
81092|code|CLZ.W           R3, R0|176-250-128-243
81096|code|ADD.W           R2, R3, #0x20 ; ' '|3-241-32-2
81100|code|CLZ.W           R3, R9|185-250-137-243
81104|code|CMP.W           R9, #0|185-241-0-15
81108|code|BNE             loc_13BE0|132-209
81110|code|B               loc_13CBC|241-231
81112|code|NEGS            R0, R2|80-66
81114|code|MVN.W           LR, LR|111-234-14-14
81118|code|SBC.W           R1, R3, R3,LSL#1|99-235-67-1
81122|code|B               loc_13BBC|107-231
81124|code|RSBS.W          R8, R0, #0|208-241-0-8
81128|code|MOV.W           LR, #0xFFFFFFFF|79-240-255-62
81132|code|SBC.W           R9, R1, R1,LSL#1|97-235-65-9
81136|code|B               loc_13BB0|94-231
81138|data|ALIGN 4|0-191
81140|code|PUSH.W          {R4-R8,LR}|45-233-240-65
81144|code|MOV             R5, R1|13-70
81146|code|CMP             R5, R3|157-66
81148|code|MOV             R4, R0|4-70
81150|code|IT EQ|8-191
81152|code|CMPEQ           R4, R2|148-66
81154|code|MOV             R0, R2|16-70
81156|code|MOV             R1, R3|25-70
81158|code|BCC             loc_13DD8|103-211
81160|code|CLZ.W           R2, R3|179-250-131-242
81164|code|CMP             R3, #0|0-43
81166|code|BEQ             loc_13DE8|107-208
81168|code|CLZ.W           R3, R5|181-250-133-243
81172|code|CMP             R5, #0|0-45
81174|code|BEQ             loc_13DE0|99-208
81176|code|SUBS            R3, R2, R3|211-26
81178|code|SUB.W           R2, R3, #0x20 ; ' '|163-241-32-2
81182|code|LSL.W           R7, R1, R3|1-250-3-247
81186|code|RSB.W           R12, R3, #0x20 ; ' '|195-241-32-12
81190|code|LSL.W           R1, R0, R2|0-250-2-241
81194|code|ORRS            R7, R1|15-67
81196|code|LSR.W           R1, R0, R12|32-250-12-241
81200|code|ORRS            R7, R1|15-67
81202|code|LSL.W           R6, R0, R3|0-250-3-246
81206|code|CMP             R5, R7|189-66
81208|code|MOV             LR, R3|158-70
81210|code|IT EQ|8-191
81212|code|CMPEQ           R4, R6|180-66
81214|code|ITT CC|60-191
81216|code|MOVCC           R0, #0|0-32
81218|code|MOVCC           R1, #0|0-33
81220|code|BCC             loc_13D60|12-211
81222|code|MOV.W           R8, #1|79-240-1-8
81226|code|SUBS            R4, R4, R6|164-27
81228|code|LSR.W           R12, R8, R12|40-250-12-252
81232|code|LSL.W           R1, R8, R2|8-250-2-241
81236|code|ORR.W           R1, R1, R12|65-234-12-1
81240|code|SBC.W           R5, R5, R7|101-235-7-5
81244|code|LSL.W           R0, R8, R3|8-250-3-240
81248|code|CMP             R3, #0|0-43
81250|code|BEQ             locret_13DDC|59-208
81252|code|LSRS            R7, R7, #1|127-8
81254|code|MOV.W           R6, R6,RRX|79-234-54-6
81258|code|B               loc_13D80|9-224
81260|code|SUBS            R4, R4, R6|164-27
81262|code|SBC.W           R5, R5, R7|101-235-7-5
81266|code|ADDS            R4, R4, R4|36-25
81268|code|ADCS            R5, R5|109-65
81270|code|ADDS            R4, #1|1-52
81272|code|ADC.W           R5, R5, #0|69-241-0-5
81276|code|SUBS            R3, #1|1-59
81278|code|BEQ             loc_13D90|7-208
81280|code|CMP             R5, R7|189-66
81282|code|IT EQ|8-191
81284|code|CMPEQ           R4, R6|180-66
81286|code|BCS             loc_13D6C|241-210
81288|code|ADDS            R4, R4, R4|36-25
81290|code|ADCS            R5, R5|109-65
81292|code|SUBS            R3, #1|1-59
81294|code|BNE             loc_13D80|247-209
81296|code|RSB.W           R2, LR, #0x20 ; ' '|206-241-32-2
81300|code|LSR.W           R6, R4, LR|36-250-14-246
81304|code|LSL.W           R2, R5, R2|5-250-2-242
81308|code|SUB.W           R3, LR, #0x20 ; ' '|174-241-32-3
81312|code|LSR.W           R3, R5, R3|37-250-3-243
81316|code|ORRS            R6, R2|22-67
81318|code|ORRS            R6, R3|30-67
81320|code|LSR.W           R7, R5, LR|37-250-14-247
81324|code|SUB.W           R12, LR, #0x20 ; ' '|174-241-32-12
81328|code|ADDS            R0, R0, R4|0-25
81330|code|LSL.W           R3, R7, LR|7-250-14-243
81334|code|LSL.W           R12, R6, R12|6-250-12-252
81338|code|RSB.W           R7, LR, #0x20 ; ' '|206-241-32-7
81342|code|ORR.W           R3, R3, R12|67-234-12-3
81346|code|LSR.W           R7, R6, R7|38-250-7-247
81350|code|LSL.W           R2, R6, LR|6-250-14-242
81354|code|ADCS            R1, R5|105-65
81356|code|ORRS            R3, R7|59-67
81358|code|SUBS            R0, R0, R2|128-26
81360|code|SBC.W           R1, R1, R3|97-235-3-1
81364|code|POP.W           {R4-R8,PC}|189-232-240-129
81368|code|MOVS            R0, #0|0-32
81370|code|MOVS            R1, #0|0-33
81372|code|POP.W           {R4-R8,PC}|189-232-240-129
81376|code|CLZ.W           R3, R4|180-250-132-243
81380|code|ADDS            R3, #0x20 ; ' '|32-51
81382|code|B               loc_13D18|151-231
81384|code|CLZ.W           R3, R0|176-250-128-243
81388|code|ADD.W           R2, R3, #0x20 ; ' '|3-241-32-2
81392|code|CLZ.W           R3, R5|181-250-133-243
81396|code|CMP             R5, #0|0-45
81398|code|BNE             loc_13D18|143-209
81400|code|B               loc_13DE0|242-231
81402|data|ALIGN 4|0-191
81404|code|PUSH.W          {R3-R9,LR}|45-233-248-67
81408|code|MOV             R7, R0|7-70
81410|code|LDR             R6, =(off_24EF0 - 0x13E0E)|12-78
81412|code|MOV             R8, R1|136-70
81414|code|LDR             R5, =(off_24EEC - 0x13E14)|12-77
81416|code|MOV             R9, R2|145-70
81418|code|ADD             R6, PC; off_24EF0|126-68
81420|code|BLX             .init_proc|253-247-122-232
81424|code|ADD             R5, PC; off_24EEC|125-68
81426|code|SUBS            R6, R6, R5|118-27
81428|code|ASRS            R6, R6, #2|182-16
81430|code|BEQ             locret_13E2E|10-208
81432|code|SUBS            R5, #4|4-61
81434|code|MOVS            R4, #0|0-36
81436|code|ADDS            R4, #1|1-52
81438|code|LDR.W           R3, [R5,#4]!|85-248-4-63
81442|code|MOV             R0, R7|56-70
81444|code|MOV             R1, R8|65-70
81446|code|MOV             R2, R9|74-70
81448|code|BLX             R3|152-71
81450|code|CMP             R4, R6|180-66
81452|code|BNE             loc_13E1C|246-209
81454|code|POP.W           {R3-R9,PC}|189-232-248-131
81458|data|ALIGN 4|0-191
81460|data|DCD off_24EF0 - 0x13E0E|226-16-1-0
81464|data|DCD off_24EEC - 0x13E14|216-16-1-0
81468|code|BX              LR|112-71
81470|data|ALIGN 0x10|0-191
81472|code|PUSH            {R3,LR}; _fini|8-64-45-233
81476|code|POP             {R3,PC}|8-128-189-232
151276|data|DCD sub_11E98+1|153-30-1-0
151280|data|DCD sub_11E80+1|129-30-1-0
151284|data|DCD 0|0-0-0-0
151288|data|Elf32_Dyn <1, <1>>; DT_NEEDED libext2fs.so.2|1-0-0-0-1-0-0-0
151296|data|Elf32_Dyn <1, <0xAB>>; DT_NEEDED libcom_err.so.2|1-0-0-0-171-0-0-0
151304|data|Elf32_Dyn <1, <0xBB>>; DT_NEEDED libblkid.so.1|1-0-0-0-187-0-0-0
151312|data|Elf32_Dyn <1, <0xC9>>; DT_NEEDED libc.so.6|1-0-0-0-201-0-0-0
151320|data|Elf32_Dyn <1, <0x2BD>>; DT_NEEDED ld-linux-armhf.so.3|1-0-0-0-189-2-0-0
151328|data|Elf32_Dyn <0xC, <0x10F04>>; DT_INIT|12-0-0-0-4-15-1-0
151336|data|Elf32_Dyn <0xD, <0x13E40>>; DT_FINI|13-0-0-0-64-62-1-0
151344|data|Elf32_Dyn <0x19, <0x24EEC>>; DT_INIT_ARRAY|25-0-0-0-236-78-2-0
151352|data|Elf32_Dyn <0x1B, <4>>; DT_INIT_ARRAYSZ|27-0-0-0-4-0-0-0
151360|data|Elf32_Dyn <0x1A, <0x24EF0>>; DT_FINI_ARRAY|26-0-0-0-240-78-2-0
151368|data|Elf32_Dyn <0x1C, <4>>; DT_FINI_ARRAYSZ|28-0-0-0-4-0-0-0
151376|data|Elf32_Dyn <0x6FFFFEF5, <0x101B4>>; DT_GNU_HASH|245-254-255-111-180-1-1-0
151384|data|Elf32_Dyn <5, <0x108D8>>; DT_STRTAB|5-0-0-0-216-8-1-0
151392|data|Elf32_Dyn <6, <0x10428>>; DT_SYMTAB|6-0-0-0-40-4-1-0
151400|data|Elf32_Dyn <0xA, <0x33C>>; DT_STRSZ|10-0-0-0-60-3-0-0
151408|data|Elf32_Dyn <0xB, <0x10>>; DT_SYMENT|11-0-0-0-16-0-0-0
151416|data|Elf32_Dyn <0x15, <0>>; DT_DEBUG|21-0-0-0-0-0-0-0
151424|data|Elf32_Dyn <3, <0x25000>>; DT_PLTGOT|3-0-0-0-0-80-2-0
151432|data|Elf32_Dyn <2, <0x1C8>>; DT_PLTRELSZ|2-0-0-0-200-1-0-0
151440|data|Elf32_Dyn <0x14, <0x11>>; DT_PLTREL|20-0-0-0-17-0-0-0
151448|data|Elf32_Dyn <0x17, <0x10D3C>>; DT_JMPREL|23-0-0-0-60-13-1-0
151456|data|Elf32_Dyn <0x11, <0x10D0C>>; DT_REL|17-0-0-0-12-13-1-0
151464|data|Elf32_Dyn <0x12, <0x30>>; DT_RELSZ|18-0-0-0-48-0-0-0
151472|data|Elf32_Dyn <0x13, <8>>; DT_RELENT|19-0-0-0-8-0-0-0
151480|data|Elf32_Dyn <0x6FFFFFFE, <0x10CAC>>; DT_VERNEED|254-255-255-111-172-12-1-0
151488|data|Elf32_Dyn <0x6FFFFFFF, <2>>; DT_VERNEEDNUM|255-255-255-111-2-0-0-0
151496|data|Elf32_Dyn <0x6FFFFFF0, <0x10C14>>; DT_VERSYM|240-255-255-111-20-12-1-0
151504|data|Elf32_Dyn <0>; DT_NULL|0-0-0-0-0-0-0-0
151512|data|ALIGN 0x40|0-0-0-0-0-0-0-0-0-0-0-0-0-0-0-0-0-0-0-0-0-0-0-0-0-0-0-0-0-0-0-0-0-0-0-0-0-0-0-0
151552|data|DCD stru_24EF8|248-78-2-0
151556|data|DCD 0|0-0-0-0
151560|data|DCD 0|0-0-0-0
151564|data|DCD __imp_fstatfs64|76-178-2-0
151568|data|DCD __imp_calloc|16-178-2-0
151572|data|DCD __imp_raise|160-178-2-0
151576|data|DCD __imp___strncat_chk|32-178-2-0
151580|data|DCD __imp_fsync|44-178-2-0
151584|data|DCD __imp_strcmp|52-178-2-0
151588|data|DCD __imp_posix_fadvise64|116-178-2-0
151592|data|DCD __imp_fflush|0-178-2-0
151596|data|DCD __imp_getuid|8-178-2-0
151600|data|DCD __imp_nftw64|236-177-2-0
151604|data|DCD __imp_free|56-178-2-0
151608|data|DCD memcpy|48-178-2-0
151612|data|DCD __imp_memcmp|144-178-2-0
151616|data|DCD ext2fs_open|40-178-2-0
151620|data|DCD __imp___strncpy_chk|188-178-2-0
151624|data|DCD __imp___stack_chk_fail|168-178-2-0
151628|data|DCD __imp_sysconf|92-178-2-0
151632|data|DCD __imp_unlink|172-178-2-0
151636|data|DCD realloc|124-178-2-0
151640|data|DCD __imp_sync_file_range|120-178-2-0
151644|data|DCD com_err|104-178-2-0
151648|data|DCD __imp_perror|84-178-2-0
151652|data|DCD __imp_ioctl|36-178-2-0
151656|data|DCD __realpath_chk|164-178-2-0
151660|data|DCD getmntent|248-177-2-0
151664|data|DCD __imp_open64|136-178-2-0
151668|data|DCD __imp_puts|88-178-2-0
151672|data|DCD __imp_malloc|4-178-2-0
151676|data|DCD __imp___libc_start_main|24-178-2-0
151680|data|DCD __imp_strerror|68-178-2-0
151684|data|DCD __imp___gmon_start__|200-178-2-0
151688|data|DCD __imp_exit|140-178-2-0
151692|data|DCD __imp_strlen|128-178-2-0
151696|data|DCD __imp_mmap|176-178-2-0
151700|data|DCD __imp_getopt|60-178-2-0
151704|data|DCD __imp_fcntl|132-178-2-0
151708|data|DCD __imp___errno_location|12-178-2-0
151712|data|DCD __imp___sprintf_chk|240-177-2-0
151716|data|DCD __imp_memset|180-178-2-0
151720|data|DCD __imp_putchar|184-178-2-0
151724|data|DCD __imp_strncpy|156-178-2-0
151728|data|DCD __imp___printf_chk|72-178-2-0
151732|data|DCD __imp___fprintf_chk|112-178-2-0
151736|data|DCD __imp_access|28-178-2-0
151740|data|DCD __imp_strnlen|96-178-2-0
151744|data|DCD __imp_ext2fs_close_free|20-178-2-0
151748|data|DCD __imp_endmntent|192-178-2-0
151752|data|DCD __imp_munmap|148-178-2-0
151756|data|DCD __imp_fallocate64|108-178-2-0
151760|data|DCD __imp_statfs64|228-177-2-0
151764|data|DCD __imp_mincore|64-178-2-0
151768|data|DCD __imp_setmntent|100-178-2-0
151772|data|DCD __imp___xstat64|80-178-2-0
151776|data|DCD __imp_strncmp|252-177-2-0
151780|data|DCD __imp_abort|244-177-2-0
151784|data|DCD __imp_close|152-178-2-0
151788|data|DCD __imp___lxstat64|232-177-2-0
151792|data|DCD __imp___gmon_start__|200-178-2-0
151796|data|ALIGN 8|0-0-0-0
151808|data|% 4; Copy of shared data|255-255-255-255
151812|data|ALIGN 8|255-255-255-255
151824|data|% 4; Copy of shared data|255-255-255-255
151828|data|% 4; Copy of shared data|255-255-255-255
151836|data|% 1|255
151837|data|ALIGN 0x10|255-255-255
151840|data|% 4|255-255-255-255
151844|data|% 4|255-255-255-255
151852|data|% 4|255-255-255-255
151856|data|% 1|255
151857|data|ALIGN 4|255-255-255
151860|data|% 4|255-255-255-255
168344|data|% 4|255-255-255-255
168348|data|% 4|255-255-255-255
168360|data|% 4|255-255-255-255
172464|data|% 4|255-255-255-255
172468|data|% 4|255-255-255-255
172472|data|% 1|255
176572|data|% 4|255-255-255-255
176576|data|% 4|255-255-255-255
176580|data|% 4|255-255-255-255
176592|data|% 4|255-255-255-255
176596|data|ALIGN 8|255-255-255-255
176600|data|% 4|255-255-255-255
